Penguin 18.56 198.70274600000002 131.2 427.53216
Penguin 34.56 85.89108 250.88 228.82873200000003
Penguin 110.72 186.52427200000002 186.88 311.51509400000003
Penguin 334.72 191.01115000000001 383.36 255.10892
Penguin 364.8 117.298544 407.04 212.80446
Penguin 376.96 207.67650200000003 439.68 330.103686
Penguin 444.8 113.452746 481.92 222.41929600000003
Penguin 449.28 207.67650200000003 559.36 432.66011799999995
Penguin 514.56 122.42650199999999 529.28 155.116808
Penguin 530.56 177.55051600000002 623.36 377.53542200000004
Penguin 538.24 113.452746 555.52 155.116808
Penguin 592.0 239.084648 628.48 346.127958
Penguin 649.6 127.55446 743.04 322.41140799999994
Penguin 698.24 233.95668999999998 817.92 440.351714
Penguin 789.76 205.112864 910.08 446.76115
Penguin 821.76 130.118098 871.68 208.95866199999998
Penguin 908.16 167.29528200000001 938.24 222.41929600000003
Penguin 939.52 143.578732 963.2 193.57547
Penguin 960.64 164.73096199999998 1023.36 277.54331
