Penguin 0.0 250.923955 145.28 332.21803
Penguin 21.12 18.563257 162.56 82.57469999999999
Penguin 74.88 174.75101399999997 225.28 238.761774
Penguin 115.2 262.446165 240.0 324.537012
Penguin 246.4 283.56998899999996 311.04 337.339164
Penguin 259.84 88.33580499999998 398.72 183.711974
Penguin 476.16 192.03364599999998 567.68 254.764464
Penguin 542.72 94.736881 604.8 153.62719
Penguin 547.2 120.98115599999998 650.88 218.278604
Penguin 664.96 144.665547 785.92 332.21803
Penguin 802.56 99.857332 967.04 173.470389
Penguin 810.88 206.11642300000003 927.36 266.286674
Penguin 902.4 168.349255 1023.36 228.52018900000002
