Penguin 0.0 65.599488 86.4 123.19948799999999
Penguin 22.4 379.200512 166.4 611.2
Penguin 107.19948799999999 395.200512 243.2 644.799488
Penguin 187.199488 108.8 257.60051200000004 192.0
Penguin 211.2 372.799488 305.60051200000004 627.2
Penguin 272.0 28.8 347.200512 89.6
Penguin 324.799488 352.0 414.39948799999996 615.999488
Penguin 427.200512 366.39948799999996 579.2 630.4
Penguin 540.8 342.4 704.0 638.400512
Penguin 556.8 304.0 622.400512 435.2
Penguin 580.799488 167.99948799999999 651.200512 291.2
Penguin 630.4 327.999488 737.599488 641.599488
Penguin 651.200512 220.8 740.799488 268.8
Penguin 711.999488 388.799488 769.599488 553.6
Penguin 792.000512 342.4 934.4 601.6
Penguin 905.6 308.799488 958.4005119999999 384.0
Penguin 910.4005119999999 420.799488 985.6 545.599488
Penguin 961.5994880000001 398.39948799999996 1022.4005119999999 560.0
