Penguin 151.00006399999998 367.00032 190.000128 446.99980800000003
Penguin 160.0 509.99961600000006 213.999616 591.999744
Penguin 161.999872 326.99980800000003 199.99948799999999 382.000128
Penguin 243.00032000000002 540.0 312.999936 660.999936
Penguin 248.999936 313.999872 291.00032000000004 382.000128
Penguin 254.999552 396.99993600000005 282.000384 420.99993600000005
Penguin 312.999936 404.00025600000004 341.999616 458.99980800000003
Penguin 348.000256 324.0 378.99980800000003 378.000384
Penguin 353.000448 344.00025600000004 387.999744 408.99993600000005
Penguin 378.99980800000003 324.0 401.99987200000004 370.000128
Penguin 464.0 324.0 496.0 394.00012799999996
Penguin 638.999552 357.00019199999997 668.0002559999999 427.00032
Penguin 686.000128 361.999872 718.999552 415.00032
Penguin 698.0003839999999 371.00006399999995 741.000192 399.99974399999996
Penguin 736.0 295.00032 764.99968 360.99993600000005
Penguin 757.000192 355.00032 792.999936 408.99993600000005
Penguin 816.0 396.99993600000005 881.000448 420.99993600000005
Penguin 970.0003839999999 376.99968 1022.999552 405.00019199999997
Penguin 988.9996800000001 364.99968 1022.999552 376.99968
