Penguin 8.96 121.599744 57.6 176.000256
Penguin 87.04 173.43974400000002 126.72 239.36025600000002
Penguin 110.72 174.72 181.12 240.63974399999998
Penguin 281.6 151.040256 312.96 195.84
Penguin 315.52 144.639744 348.8 190.719744
Penguin 385.92 172.160256 445.44 288.0
Penguin 480.0 177.279744 548.48 286.08
Penguin 510.08 232.959744 564.48 314.88
Penguin 536.32 159.999744 586.88 284.799744
Penguin 579.2 181.119744 634.24 287.36025600000005
Penguin 617.6 179.840256 668.8 296.319744
Penguin 677.12 157.44 724.48 243.84
Penguin 692.48 172.160256 773.12 293.76
Penguin 708.48 122.88 749.44 184.32
Penguin 745.6 170.88 781.44 266.240256
Penguin 774.4 179.840256 832.64 257.919744
Penguin 797.44 190.719744 838.4 277.760256
Penguin 844.8 193.280256 900.48 286.08
