Penguin 0.0 756.48 55.725 844.16
Penguin 13.450529000000001 786.56 67.894597 898.56
Penguin 74.940466 747.52 124.260063 839.04
Penguin 146.678602 739.2 208.16779599999998 803.84
Penguin 155.645869 856.32 241.475 948.48
Penguin 185.109534 714.88 249.801801 780.8
Penguin 230.586335 721.28 290.154131 821.12
Penguin 279.905932 707.84 342.676801 753.28
Penguin 302.32447099999996 734.08 358.689937 793.6
Penguin 335.630932 714.88 377.905403 770.56
Penguin 353.565466 803.84 413.13400500000006 910.72
Penguin 384.95052899999996 674.56 435.55180099999995 761.6
Penguin 388.15360200000003 483.84 421.460063 529.28
Penguin 445.8 658.56 489.995869 735.36
Penguin 523.30233 646.4 577.1059319999999 696.96
Penguin 542.517796 604.16 573.903602 656.64
Penguin 556.6095339999999 583.68 587.994597 639.36
Penguin 566.857733 609.92 602.086335 684.8
Penguin 582.8708690000001 728.32 689.196398 760.32
Penguin 603.367267 560.64 636.6744709999999 616.32
Penguin 623.223199 592.0 669.9809319999999 641.28
Penguin 643.7195970000001 696.96 694.9613350000001 777.6
Penguin 649.4845339999999 550.4 689.196398 608.0
Penguin 689.196398 553.6 742.3595339999999 627.2
Penguin 721.22267 539.52 742.3595339999999 608.0
