Penguin 17.28 164.57288799999998 56.96 210.678584
Penguin 23.68 288.162304 117.12 366.92686399999997
Penguin 68.48 239.49492800000002 148.48 374.610768
Penguin 97.28 144.721288 134.4 214.521104
Penguin 153.6 198.512024 185.6 267.030432
Penguin 168.32 267.030432 207.36 379.734128
Penguin 197.12 229.88948000000002 277.12 387.418032
Penguin 283.52 234.372136 414.72 418.155352
Penguin 321.92 164.57288799999998 380.8 238.21408799999998
Penguin 384.64 260.6268 421.76 402.14684
Penguin 420.48 240.77576800000003 485.76 393.18152799999996
Penguin 429.44 118.46662399999998 481.92 226.047528
Penguin 453.12 18.570192 552.96 169.69567999999998
Penguin 455.68 298.407888 534.4 514.849968
Penguin 460.8 164.57288799999998 544.64 258.06512
Penguin 523.52 265.749592 564.48 370.76881599999996
Penguin 533.12 233.091296 579.2 320.8206
Penguin 539.52 331.066752 675.84 409.830744
Penguin 547.2 240.77576800000003 625.92 353.478896
Penguin 660.48 239.49492800000002 748.16 413.673264
Penguin 711.68 236.93324799999996 771.84 377.172448
Penguin 742.4 359.88252800000004 904.96 424.558984
Penguin 761.6 226.047528 849.28 394.46236799999997
Penguin 784.64 0.6401359999999999 875.52 44.82542399999999
Penguin 814.08 218.363056 1023.36 393.18152799999996
