Penguin 0.0 260.15231000000006 39.199744 463.47151400000007
Penguin 7.199744 201.71855 157.599744 535.513902
Penguin 152.00051200000001 292.171528 189.599744 441.058948
Penguin 179.2 312.182772 223.200256 418.6457
Penguin 208.799744 306.580142 252.000256 416.244378
Penguin 221.599744 168.098678 428.8 558.727818
Penguin 390.4 200.917882 489.6 474.678138
Penguin 530.400256 259.352324 603.200512 452.265572
Penguin 552.800256 222.530462 728.800256 565.9317840000001
Penguin 706.400256 292.171528 760.000512 408.23974400000003
Penguin 743.999488 314.58477600000003 816.0 446.66226
Penguin 804.799488 320.188088 847.2002560000001 416.244378
Penguin 820.799488 247.345032 877.599744 420.246354
Penguin 867.2 261.753646 989.599744 473.077484
Penguin 954.3997439999999 297.77484 1016.000512 407.439076
