Penguin 208.312736 206.881792 640.56137 659.680256
Penguin 84.627049 642.7648 157.53635999999997 749.458432
Penguin 123.685687 592.02048 180.971836 702.6176
Penguin 136.705233 642.7648 229.143863 758.566912
Penguin 175.763871 588.116992 208.312736 662.28224
Penguin 238.257252 658.378752 324.186842 785.890304
Penguin 294.241593 649.270272 398.397961 791.095296
Penguin 378.86864199999997 687.003648 468.703656 778.084352
Penguin 464.79749899999996 657.077248 546.820932 792.3968
Penguin 505.1579449999999 690.907136 688.733397 823.62368
