Penguin 811.835392 187.61625600000002 920.5483519999999 320.876544
Penguin 0.0 227.945472 96.438272 273.533952
Penguin 3.5072 690.849024 129.753088 766.246656
Penguin 36.822016 315.616512 149.041152 376.986624
Penguin 42.082304 175.34207999999998 129.753088 217.42464
Penguin 64.876544 78.90432000000001 120.986624 175.34207999999998
Penguin 85.91769599999999 187.61625600000002 164.822016 243.726336
Penguin 96.438272 471.67104 247.232512 545.3153279999999
Penguin 106.958848 64.8768 173.589504 85.917696
Penguin 152.548352 99.945216 222.685184 126.24691200000001
Penguin 192.876544 208.65792 254.246912 238.465536
Penguin 248.98662400000003 24.547584 291.06892799999997 50.84928000000001
Penguin 308.60287999999997 45.589248000000005 429.589504 96.43852800000002
Penguin 354.19136000000003 250.739712 473.424896 291.06816
Penguin 359.451648 669.8081279999999 561.09568 753.97248
Penguin 362.958848 94.685184 426.082304 150.79449599999998
Penguin 387.5072 503.232768 554.082304 566.3562240000001
Penguin 401.533952 643.5072 534.7942400000001 697.8631680000001
Penguin 426.082304 154.301184 469.917696 224.43801599999998
Penguin 501.479424 187.61625600000002 575.1234559999999 220.931328
Penguin 513.7530879999999 136.766976 569.863168 171.835392
Penguin 562.849792 92.93184 603.177984 154.301184
Penguin 604.931072 12.274176 652.2736639999999 40.328448
Penguin 618.958848 215.67129599999998 683.835392 277.041408
Penguin 625.972224 61.370112000000006 654.027776 80.65766400000001
Penguin 625.972224 471.67104 715.39712 576.877056
Penguin 710.136832 87.67103999999999 764.4928 112.219392
Penguin 718.90432 147.287808 817.09568 189.3696
Penguin 738.1913599999999 119.232768 811.835392 152.54784
Penguin 757.479424 47.342592 815.342592 77.150976
Penguin 808.329216 49.095935999999995 862.6851839999999 84.16435200000001
Penguin 867.9454720000001 117.479424 938.0823039999999 154.301184
Penguin 906.520576 0.0 966.136832 12.274176
Penguin 911.7808640000001 319.1232 987.177984 422.57510399999995
Penguin 920.5483519999999 82.411008 974.9043199999999 117.479424
Penguin 941.5895039999999 203.39712000000003 1022.246912 231.45216
Penguin 959.123456 224.43801599999998 1022.246912 270.027264
Penguin 973.150208 40.328448 1016.986624 77.150976
