Penguin 0.0 414.521976 52.841471999999996 475.339362
Penguin 0.0 265.677849 1023.199232 408.92006999999995
Penguin 60.847104 421.723551 83.265536 451.33275
Penguin 69.654528 488.94369900000004 108.084224 529.755348
Penguin 75.25888 480.941268 97.676288 500.14683
Penguin 81.664 401.7178139999999 180.941824 444.130494
Penguin 92.071936 492.944574 122.496 530.555523
Penguin 110.486528 436.928238 144.913408 463.336056
Penguin 114.48934399999999 480.941268 128.10035200000002 501.74718
Penguin 144.913408 458.53432499999997 169.73209599999998 501.74718
Penguin 159.32416 401.7178139999999 208.162816 455.33362500000004
Penguin 179.340288 455.33362500000004 212.165632 501.74718
Penguin 195.352576 446.531019 218.570752 488.94369900000004
Penguin 226.57740800000002 385.71295200000003 246.592512 415.322151
Penguin 236.18457599999996 568.167153 313.844736 633.7862700000001
Penguin 241.78892799999997 505.74873600000006 287.424512 530.555523
Penguin 246.592512 390.51468300000005 266.60864 426.525282
Penguin 248.99481600000001 627.384189 309.84192 680.1998249999999
Penguin 252.99763199999998 526.554648 313.044992 566.5661220000001
Penguin 266.60864 400.917639 278.618112 422.524407
Penguin 299.433984 386.51380800000004 313.844736 412.12077
Penguin 305.038336 416.922501 349.873152 472.13866200000007
Penguin 313.844736 386.51380800000004 327.455744 404.11833899999993
Penguin 336.263168 372.10929600000003 357.879808 408.92006999999995
Penguin 340.265984 352.103559 353.875968 378.511377
Penguin 361.882624 483.341793 381.097984 528.154998
Penguin 362.68339199999997 396.116589 388.303872 435.327888
Penguin 373.091328 485.74231799999995 423.53049599999997 556.1631659999999
Penguin 397.110272 368.10842099999996 409.11974399999997 392.115033
Penguin 433.138688 376.110171 457.95737599999995 418.522851
Penguin 433.138688 516.1516919999999 464.362496 576.969759
Penguin 440.34355199999993 484.94214299999993 466.7648 520.152567
Penguin 451.55225599999994 412.920945 474.770432 461.735706
Penguin 462.761984 373.70964599999996 485.98015999999996 412.12077
Penguin 466.7648 464.93640600000003 501.19167999999996 512.1501360000001
Penguin 488.38144000000005 484.94214299999993 518.805504 538.557954
Penguin 515.602432 408.92006999999995 541.2229120000001 445.730844
Penguin 523.609088 336.898872 613.27872 406.51954499999994
Penguin 575.649792 408.11989500000004 598.867968 447.331194
Penguin 578.051072 441.72996900000004 610.076672 487.343349
Penguin 580.4533759999999 476.139537 651.7094400000001 555.362991
Penguin 639.699968 471.33848700000004 667.721728 520.152567
Penguin 682.13248 528.154998 733.372416 581.770809
Penguin 683.734016 400.917639 710.955008 434.527713
Penguin 703.7501440000001 420.92337599999996 749.385728 479.340918
Penguin 704.550912 485.74231799999995 737.376256 528.154998
Penguin 718.9616639999999 539.358129 750.9862400000001 583.3711589999999
Penguin 728.568832 389.714508 765.398016 436.928238
Penguin 733.372416 526.554648 785.41312 577.7699339999999
Penguin 742.980608 367.307565 765.398016 393.71538300000003
Penguin 766.999552 364.90704 787.815424 395.31641399999995
Penguin 779.808768 334.49834699999997 795.82208 362.506515
Penguin 790.2177280000001 379.311552 812.635136 407.31972
Penguin 803.827712 344.901303 839.05536 379.311552
Penguin 820.640768 430.526157 879.086592 512.950311
Penguin 824.6446080000001 375.30999599999996 854.2679039999999 428.125632
Penguin 848.662528 395.31641399999995 880.6881279999999 449.7324
Penguin 923.921408 374.509821 1013.592064 440.929794
Penguin 925.5229439999999 338.499222 951.944192 371.309121
Penguin 944.7383039999999 522.553773 1015.993344 595.375146
Penguin 946.33984 354.50408400000003 979.165184 376.910346
Penguin 979.165184 324.095391 1019.196416 358.504959
