Penguin 161.184768 89.125888 209.54112 105.244672
Penguin 213.332992 91.022336 236.08934399999998 105.244672
Penguin 244.622336 119.467008 338.489344 182.992896
Penguin 272.118784 270.222336 691.2 692.148224
Penguin 363.14112 85.332992 421.925888 186.78476799999999
Penguin 673.184768 66.37056 704.474112 142.222336
Penguin 730.074112 66.37056 745.2446719999999 129.896448
Penguin 740.5035519999999 73.007104 770.844672 142.222336
Penguin 816.355328 46.45888 851.4365439999999 173.510656
Penguin 822.044672 64.474112 869.451776 186.78476799999999
Penguin 887.467008 76.8 938.667008 173.510656
Penguin 957.62944 69.215232 1016.4152320000001 199.110656
