Penguin 119.68 219.124158 704.64 350.469839
Penguin 378.24 356.23640800000004 395.52 382.505271
Penguin 421.76 359.439678 433.28 389.5531480000001
Penguin 537.6 455.546657 567.68 475.40898
Penguin 542.08 346.62591499999996 561.92 374.17608600000005
Penguin 584.32 353.03313799999995 600.96 383.146608
Penguin 588.16 420.948609 608.0 461.95388
Penguin 599.04 461.95388 622.72 499.115227
Penguin 613.12 380.58330899999993 627.2 417.104002
Penguin 615.68 436.966325 638.08 456.828648
Penguin 620.8 451.702733 643.2 480.534895
Penguin 640.64 363.284285 653.44 393.3977550000001
Penguin 659.2 353.03313799999995 672.0 378.02069300000005
Penguin 660.48 370.33216200000004 679.68 405.571547
Penguin 668.8 442.73289400000004 697.6 481.816203
Penguin 680.96 305.619961 899.2 362.00297699999993
Penguin 688.0 383.146608 703.36 396.60102500000005
Penguin 695.68 385.709224 720.64 399.16432399999997
Penguin 707.2 363.284285 735.36 375.45807699999995
Penguin 711.68 389.5531480000001 733.44 405.571547
Penguin 721.28 400.44563200000005 741.12 440.16959499999996
Penguin 723.2 266.536652 728.32 282.554368
Penguin 732.8 441.450903 753.92 461.95388
Penguin 734.08 399.16432399999997 752.64 429.27779400000003
Penguin 736.64 290.24289899999997 749.44 303.697999
Penguin 750.72 368.4102 774.4 380.58330899999993
Penguin 752.0 279.99175199999996 762.88 302.416691
Penguin 757.76 426.714495 782.72 452.984041
Penguin 761.6 363.284285 774.4 404.289556
Penguin 809.6 276.787799 817.92 296.650122
Penguin 829.44 354.314446 853.12 367.12820899999997
Penguin 853.12 370.33216200000004 869.12 408.134163
Penguin 866.56 363.284285 879.36 394.679063
Penguin 867.84 426.714495 884.48 442.09224
Penguin 869.12 345.344607 885.76 363.284285
Penguin 888.32 414.541386 929.28 431.84041
Penguin 889.6 295.368814 900.48 301.77603700000003
Penguin 894.08 427.996486 922.24 466.43914100000006
Penguin 894.08 404.289556 930.56 417.104002
Penguin 901.76 359.439678 919.04 393.3977550000001
Penguin 904.32 335.733431 930.56 349.18853099999995
Penguin 913.28 365.846901 929.28 401.72694
Penguin 946.56 254.36285999999998 956.8 275.506491
Penguin 952.96 368.4102 985.6 383.146608
Penguin 957.44 436.966325 979.84 483.097511
Penguin 965.12 408.134163 991.36 445.29551
Penguin 976.64 331.889507 997.76 342.140654
Penguin 983.04 365.846901 1000.32 400.44563200000005
Penguin 999.04 359.439678 1023.36 379.302001
Penguin 1009.28 300.49404599999997 1019.52 326.76359199999996
Penguin 1015.68 306.901269 1023.36 333.170815
