Penguin 0.0 258.000012 74.000384 300.999672
Penguin 3.00032 136.999728 10.999808 151.999848
Penguin 16.0 139.999752 30.999552 161.999928
Penguin 33.000448 144.999792 44.000256 160.99992
Penguin 67.99974399999999 252.999972 99.99974399999999 298.00033199999996
Penguin 202.000384 198.00021599999997 275.00032000000004 337.999968
Penguin 261.999616 151.999848 336.0 326.99988
Penguin 343.000064 156.999888 421.999616 300.999672
Penguin 440.000512 225.99975600000002 483.999744 293.000292
Penguin 567.000064 317.999808 668.99968 442.000116
Penguin 696.999936 304.999704 755.9997440000001 401.999796
Penguin 705.999872 398.999772 794.999808 466.00030799999996
Penguin 764.99968 393.999732 848.0 454.00021200000003
Penguin 787.00032 320.99983199999997 853.9996160000001 394.99974000000003
Penguin 858.0003839999999 413.999892 935.0000640000001 462.000276
Penguin 858.999808 168.999984 883.0003199999999 193.00017599999998
Penguin 888.000512 419.99994 1000.9999359999999 493.99984800000004
Penguin 896.0 381.000312 977.9998720000001 421.999956
