Penguin 0.0 296.13190199999997 33.28 385.868098
Penguin 29.44 284.59382600000004 56.96 334.59056400000003
Penguin 33.28 314.719812 54.4 373.689624
Penguin 48.64 307.02821600000004 73.6 390.996056
Penguin 74.88 309.591854 108.16 384.58662000000004
Penguin 93.44 291.003944 119.68 360.87007
Penguin 113.28 303.182418 147.2 374.97178399999996
Penguin 135.68 304.464578 165.76 382.02230000000003
Penguin 159.36 304.464578 190.72 390.996056
Penguin 173.44 289.72178399999996 198.4 352.53739399999995
Penguin 197.12 292.285422 224.64 373.689624
Penguin 199.68 291.003944 219.52 348.691596
Penguin 224.64 310.87401400000005 256.0 387.150258
Penguin 234.88 292.285422 250.88 337.154202
Penguin 248.32 304.464578 280.96 383.30446
Penguin 280.96 304.464578 307.2 378.817582
Penguin 303.36 276.90223000000003 327.04 309.591854
Penguin 307.2 309.591854 349.44 382.02230000000003
Penguin 308.48 279.465868 320.64 298.69554
Penguin 336.0 273.697512 360.96 301.900258
Penguin 343.04 271.133192 357.12 313.437652
Penguin 354.56 313.437652 396.8 373.689624
Penguin 359.68 298.69554 379.52 330.744084
Penguin 371.84 297.41337999999996 391.04 313.437652
Penguin 492.16 264.082676 503.04 287.79854400000005
Penguin 585.6 368.56234800000004 653.44 388.432418
Penguin 590.72 360.229672 656.64 396.76509400000003
Penguin 634.24 351.255916 719.36 386.509178
Penguin 723.2 346.127958 792.96 377.53542200000004
Penguin 758.4 324.975728 823.04 382.66337999999996
Penguin 817.92 314.07873200000006 853.12 377.53542200000004
Penguin 834.56 301.25917799999996 860.8 360.229672
Penguin 869.12 291.645024 895.36 358.947512
Penguin 880.64 312.797254 926.72 374.97178399999996
Penguin 961.92 304.464578 999.04 365.998028
