Penguin 14.72 371.840256 74.24 471.03974400000004
Penguin 64.64 214.400256 232.96 489.59999999999997
Penguin 218.24 328.32 297.6 481.280256
Penguin 292.48 392.96025599999996 349.44 476.15999999999997
Penguin 370.56 391.68 504.32 523.520256
Penguin 533.12 282.87974399999996 647.04 478.719744
Penguin 661.76 373.119744 710.4 472.32
Penguin 705.28 280.32 798.72 482.559744
Penguin 762.24 276.48 871.68 508.160256
Penguin 878.08 338.55974399999997 973.44 513.2797439999999
Penguin 927.36 332.15999999999997 1023.36 517.119744
