Penguin 0.0 434.99980800000003 19.999744 472.99968
Penguin 0.0 539.000064 42.000384000000004 624.999936
Penguin 14.999552 466.00012799999996 55.000064 527.000064
Penguin 42.999808 585.000192 97.00044799999999 735.999744
Penguin 44.99968 500.00025600000004 97.00044799999999 553.9998720000001
Penguin 49.000448 547.00032 154.999808 625.9998720000001
Penguin 49.999871999999996 471.99974399999996 74.000384 519.999744
Penguin 71.999488 458.99980800000003 112.0 492.0
Penguin 74.000384 672.0 168.99993600000002 767.000064
Penguin 108.99968 463.00032 145.999872 533.9996160000001
Penguin 115.99974399999999 408.0 138.999808 433.99987200000004
Penguin 131.999744 718.0001279999999 190.000128 767.000064
Penguin 165.999616 481.99987200000004 209.000448 566.999808
Penguin 165.999616 557.9996160000001 263.999488 648.0
Penguin 168.99993600000002 443.00006399999995 197.999616 492.99993600000005
Penguin 208.0 410.99980800000003 227.00032000000002 445.99987200000004
Penguin 211.999744 465.00019199999997 252.99967999999998 528.999936
Penguin 234.999808 423.99974399999996 259.999744 450.00038399999994
Penguin 263.000064 476.00025600000004 298.000384 543.999744
Penguin 263.999488 629.9996160000001 353.99987200000004 765.000192
Penguin 275.999744 443.00006399999995 298.99980800000003 477.00019199999997
Penguin 305.99987200000004 518.999808 337.000448 604.99968
Penguin 312.999936 448.99968 353.000448 525.000192
Penguin 332.99967999999996 732.999936 421.999616 767.000064
Penguin 334.00012799999996 600.0 400.0 719.000064
Penguin 337.99987200000004 546.0003839999999 398.999552 636.999936
Penguin 353.99987200000004 472.99968 391.999488 531.999744
Penguin 373.00019199999997 419.00006399999995 398.999552 450.00038399999994
Penguin 378.99980800000003 448.99968 423.999488 504.99993600000005
Penguin 405.999616 416.00025600000004 426.000384 445.99987200000004
Penguin 428.99967999999996 484.99968 485.00019199999997 552.0
Penguin 433.999872 604.99968 536.000512 767.000064
Penguin 442.99980800000003 411.99974399999996 554.999808 416.00025600000004
Penguin 444.99967999999996 531.999744 520.999936 652.99968
Penguin 449.00044800000006 413.99961600000006 462.000128 443.00006399999995
Penguin 465.00044800000006 442.00012799999996 499.00032000000004 492.99993600000005
Penguin 472.000512 490.00012799999996 540.0002559999999 563.000064
Penguin 515.00032 540.0 602.0003839999999 624.0
Penguin 524.99968 457.99987200000004 570.0003839999999 550.0001279999999
Penguin 533.9996160000001 413.99961600000006 551.000064 437.99961600000006
Penguin 545.999872 432.99993600000005 581.000192 485.99961600000006
Penguin 561.999872 404.00025600000004 572.99968 430.00012799999996
Penguin 577.000448 411.99974399999996 586.999808 432.0
Penguin 577.000448 439.00032 602.0003839999999 489.00019199999997
Penguin 590.000128 664.99968 677.000192 767.000064
Penguin 593.000448 484.99968 647.000064 580.99968
Penguin 597.000192 448.99968 636.0002559999999 495.99974399999996
Penguin 600.999936 418.00012799999996 613.9996160000001 451.00032
Penguin 629.000192 428.00025600000004 670.999552 508.99968
Penguin 631.000064 524.000256 679.999488 583.00032
Penguin 650.999808 620.000256 725.000192 766.0001279999999
Penguin 666.999808 407.00006399999995 698.999808 455.00006399999995
Penguin 666.999808 453.00019199999997 707.00032 513.000192
Penguin 691.00032 508.99968 743.999488 586.0001279999999
Penguin 702.999552 407.00006399999995 732.0002559999999 450.00038399999994
Penguin 714.999808 466.00012799999996 748.0002559999999 546.0003839999999
Penguin 739.9997440000001 398.99980800000003 766.999552 436.99968
Penguin 748.0002559999999 527.000064 803.00032 636.999936
Penguin 757.000192 461.99961600000006 791.000064 516.999936
Penguin 775.999488 633.000192 862.999552 767.000064
Penguin 778.999808 445.99987200000004 805.9996160000001 504.99993600000005
Penguin 780.0002559999999 410.99980800000003 803.9997440000001 444.99993600000005
Penguin 785.000448 445.99987200000004 814.999552 500.00025600000004
Penguin 814.999552 436.99968 833.999872 466.00012799999996
Penguin 821.9996160000001 504.99993600000005 865.9998720000001 610.0001279999999
Penguin 842.0003839999999 478.00012799999996 876.9996800000001 551.000064
Penguin 846.999552 430.00012799999996 865.000448 468.99993600000005
Penguin 851.0003199999999 550.0001279999999 945.9998720000001 757.9998720000001
Penguin 869.9996160000001 421.99987200000004 885.000192 454.00012799999996
Penguin 890.0003839999999 455.00006399999995 924.000256 511.00032
Penguin 892.000256 416.00025600000004 912.0 446.99980800000003
Penguin 897.000448 523.00032 958.999552 603.999744
Penguin 924.9996800000001 442.00012799999996 951.0000640000001 480.0
Penguin 924.9996800000001 483.99974399999996 970.999808 551.000064
Penguin 931.999744 539.000064 974.0001279999999 651.999744
Penguin 947.0003199999999 411.99974399999996 974.0001279999999 457.99987200000004
Penguin 970.999808 445.99987200000004 999.0000640000001 533.9996160000001
Penguin 993.9998720000001 421.99987200000004 1016.9999359999999 476.00025600000004
