Penguin 442.88 665.600256 500.48 766.08
Penguin 0.0 483.84000000000003 19.2 551.679744
Penguin 0.0 405.75974399999996 30.08 482.559744
Penguin 0.0 531.84 68.48 678.399744
Penguin 0.0 410.24025600000004 1023.36 767.360256
Penguin 0.64 711.680256 33.92 765.440256
Penguin 10.24 723.2002560000001 49.92 767.360256
Penguin 22.4 411.519744 37.76 490.88025600000003
Penguin 40.32 439.040256 72.32 504.96
Penguin 49.92 715.520256 98.56 767.360256
Penguin 67.2 431.36025600000005 93.44 498.56025600000004
Penguin 68.48 599.04 117.12 675.84
Penguin 74.88 478.719744 105.6 549.12
Penguin 90.88 458.88 125.44 539.52
Penguin 99.84 437.76 130.56 507.519744
Penguin 103.04 575.360256 145.28 633.5999999999999
Penguin 124.16 552.96 162.56 633.5999999999999
Penguin 139.52 719.360256 172.8 767.360256
Penguin 146.56 430.08000000000004 179.2 487.68
Penguin 154.24 446.72025600000006 190.08 495.99974399999996
Penguin 165.12 622.719744 206.08 702.080256
Penguin 167.68 538.239744 206.08 602.88
Penguin 170.24 474.879744 204.8 549.12
Penguin 181.12 560.64 213.76 618.8797440000001
Penguin 182.4 704.64 227.2 767.360256
Penguin 193.92 531.84 232.32 580.479744
Penguin 195.2 447.99974399999996 223.36 513.2797439999999
Penguin 200.96 596.480256 236.16 661.119744
Penguin 217.6 469.76025599999997 263.04 522.24
Penguin 220.8 576.639744 261.76 648.320256
Penguin 227.2 486.39974400000006 266.88 564.48
Penguin 231.04 555.519744 265.6 602.88
Penguin 232.32 445.43999999999994 256.0 482.559744
Penguin 257.28 449.91974400000004 285.44 481.280256
Penguin 257.28 477.440256 289.28 547.2
Penguin 261.76 458.88 295.68 523.520256
Penguin 278.4 536.960256 306.56 600.320256
Penguin 293.12 645.12 328.96 703.359744
Penguin 294.4 694.400256 331.52 762.8797440000001
Penguin 298.24 599.04 331.52 657.2797439999999
Penguin 300.16 457.599744 330.24 512.000256
Penguin 312.96 493.43999999999994 347.52 580.479744
Penguin 321.28 638.7202560000001 346.24 723.2002560000001
Penguin 330.24 469.76025599999997 353.92 498.56025600000004
Penguin 331.52 584.319744 371.2 633.5999999999999
Penguin 344.96 451.20000000000005 380.8 513.2797439999999
Penguin 346.24 691.839744 397.44 750.080256
Penguin 356.48 596.480256 393.6 661.119744
Penguin 362.24 712.959744 394.88 761.600256
Penguin 373.76 452.480256 397.44 517.119744
Penguin 380.8 585.5999999999999 423.04 669.440256
Penguin 384.64 690.560256 423.04 740.480256
Penguin 385.92 465.27974399999994 426.88 539.52
Penguin 416.0 595.2 451.84 659.840256
Penguin 423.04 565.760256 455.68 617.600256
Penguin 426.88 499.839744 464.0 554.240256
Penguin 433.28 466.56000000000006 464.0 509.43974399999996
Penguin 456.96 547.2 511.36 615.039744
Penguin 462.72 581.76 492.8 646.400256
Penguin 480.0 495.99974399999996 515.2 538.239744
Penguin 498.56 489.59999999999997 529.92 540.800256
Penguin 502.4 446.72025600000006 538.24 495.99974399999996
Penguin 507.52 554.240256 544.64 616.3199999999999
Penguin 511.36 704.64 559.36 765.440256
Penguin 539.52 682.239744 572.16 728.960256
Penguin 545.92 499.839744 592.0 558.080256
Penguin 548.48 591.36 588.16 645.12
Penguin 552.32 725.76 590.72 767.360256
Penguin 556.16 618.8797440000001 590.72 686.079744
Penguin 560.64 399.36 597.76 461.43974399999996
Penguin 574.72 702.080256 609.28 757.760256
Penguin 576.0 461.43974399999996 602.88 509.43974399999996
Penguin 576.0 645.12 602.88 691.839744
Penguin 595.84 518.4000000000001 631.68 570.24
Penguin 599.04 564.48 637.44 628.479744
Penguin 600.32 467.840256 642.56 503.679744
Penguin 615.04 359.679744 638.72 431.36025600000005
Penguin 615.68 543.36 647.68 590.079744
Penguin 626.56 482.559744 654.08 549.12
Penguin 627.84 693.12 667.52 759.039744
Penguin 638.72 601.599744 678.4 680.960256
Penguin 647.68 517.119744 679.68 584.319744
Penguin 648.96 477.440256 672.64 533.1202559999999
Penguin 658.56 686.079744 696.96 750.080256
Penguin 663.68 585.5999999999999 692.48 657.2797439999999
Penguin 672.64 481.280256 699.52 529.280256
Penguin 688.64 518.4000000000001 724.48 576.639744
Penguin 691.2 682.239744 737.92 739.2
Penguin 703.36 469.76025599999997 723.2 502.400256
Penguin 705.92 617.600256 745.6 695.679744
Penguin 707.2 531.84 741.76 606.72
Penguin 721.92 483.84000000000003 748.16 533.1202559999999
Penguin 729.6 591.36 764.16 646.400256
Penguin 740.48 711.680256 769.28 762.8797440000001
Penguin 746.88 533.1202559999999 790.4 602.88
Penguin 753.28 572.7997439999999 784.0 624.0
Penguin 759.04 490.88025600000003 797.44 551.679744
Penguin 785.28 616.3199999999999 818.56 686.079744
Penguin 790.4 515.840256 821.12 579.2002560000001
Penguin 790.4 699.519744 822.4 767.360256
Penguin 802.56 575.360256 843.52 639.999744
Penguin 803.84 473.60025599999994 837.12 523.520256
Penguin 807.68 707.840256 851.2 767.360256
Penguin 823.68 654.72 878.08 721.92
Penguin 833.92 524.7997439999999 853.76 580.479744
Penguin 842.24 478.719744 876.8 534.399744
Penguin 849.92 540.800256 890.88 599.04
Penguin 876.8 485.120256 906.88 538.239744
Penguin 879.36 669.440256 924.16 743.04
Penguin 881.92 714.24 940.16 767.360256
Penguin 883.2 592.640256 916.48 659.840256
Penguin 897.92 482.559744 942.72 535.6800000000001
Penguin 912.0 731.52 936.32 767.360256
Penguin 913.28 624.0 951.68 684.800256
Penguin 917.76 524.7997439999999 949.12 585.5999999999999
Penguin 931.84 636.159744 971.52 712.959744
Penguin 949.12 549.12 978.56 601.599744
Penguin 951.68 474.879744 972.8 518.4000000000001
Penguin 951.68 669.440256 994.56 730.239744
Penguin 965.12 704.64 1003.52 765.440256
Penguin 977.28 591.36 1022.08 672.0
Penguin 994.56 501.12 1023.36 558.080256
Penguin 998.4 545.919744 1023.36 626.559744
