Penguin 0.0 83.173215 18.400256 126.35913
Penguin 0.0 75.175755 157.599744 152.750625
Penguin 1.6005120000000002 235.923225 147.2 323.09517
Penguin 24.800256 88.770945 46.400512 133.556475
Penguin 47.200256 117.561555 96.0 198.33565499999997
Penguin 72.800256 93.56979 105.6 152.750625
Penguin 103.199744 97.56852 124.00025600000001 159.94797000000003
Penguin 122.399744 111.963825 152.00051200000001 162.34708500000002
Penguin 144.0 93.56979 216.00051200000001 196.73604
Penguin 217.6 115.962555 241.600512 154.349625
Penguin 242.400256 79.17448500000002 517.600256 166.345815
Penguin 253.599744 121.56028500000001 274.400256 162.34708500000002
Penguin 300.8 134.35658999999998 333.599744 159.94797000000003
Penguin 325.600256 119.96128499999999 355.2 159.94797000000003
Penguin 396.000256 118.36166999999999 451.999744 232.72460999999998
Penguin 530.400256 96.76840500000002 600.800256 167.94543
Penguin 535.199744 91.97017500000001 1023.2002560000001 175.142775
Penguin 599.199744 99.967635 765.599744 186.33946500000002
Penguin 778.399744 134.35658999999998 806.4 180.74112000000002
Penguin 782.400512 101.56725 1023.2002560000001 180.74112000000002
