Penguin 307.00032000000004 93.000012 576.0 638.999774
Penguin 49.999871999999996 338.000308 122.00038400000001 426.999989
Penguin 177.000448 271.00005699999997 277.999616 484.999666
Penguin 316.000256 226.999831 391.999488 484.999666
Penguin 593.000448 355.00017799999995 625.000448 419.99992199999997
Penguin 632.999936 305.99970899999994 704.0 475.999775
Penguin 636.0002559999999 344.99969200000004 652.0002559999999 425.000165
Penguin 803.00032 333.999977 849.9998720000001 442.999947
Penguin 835.00032 209.00004900000002 974.999552 549.000181
Penguin 956.000256 340.00013199999995 999.999488 427.999901
