Penguin 1.28 153.60000000000002 29.44 258.560256
Penguin 163.84 558.72 213.12 595.839744
Penguin 208.0 550.400256 247.68 581.1202559999999
Penguin 259.2 402.56025600000004 374.4 558.72
Penguin 313.6 455.679744 360.96 522.8797440000001
Penguin 352.0 447.36 390.4 517.760256
Penguin 439.04 353.28000000000003 531.84 485.76
Penguin 529.28 320.64 625.92 446.079744
Penguin 533.12 340.479744 638.72 481.91999999999996
Penguin 682.88 280.959744 741.12 418.56000000000006
Penguin 735.36 311.04 763.52 397.43999999999994
Penguin 824.96 311.04 924.16 353.28000000000003
Penguin 844.8 206.720256 917.12 330.87974399999996
