Penguin 177.28 219.519744 245.12 315.519744
Penguin 266.24 266.240256 301.44 313.599744
Penguin 301.44 263.679744 339.84 312.320256
Penguin 337.28 323.199744 364.16 353.28000000000003
Penguin 403.84 324.48 446.08 396.159744
Penguin 441.6 369.279744 492.16 428.799744
Penguin 562.56 350.720256 607.36 406.400256
Penguin 644.48 296.96025599999996 686.72 368.00025600000004
Penguin 690.56 262.400256 739.2 288.63974399999995
Penguin 727.68 361.599744 789.76 437.120256
Penguin 776.32 277.119744 841.6 328.32
Penguin 783.36 168.320256 835.84 237.44025600000003
Penguin 783.36 287.36025600000005 897.92 337.92
Penguin 895.36 144.639744 973.44 179.19974399999998
