Penguin 0.0 151.040256 104.96 346.880256
Penguin 124.16 282.24 222.08 364.160256
Penguin 134.4 110.07974399999999 1023.36 397.43999999999994
Penguin 200.96 197.76 373.12 368.00025600000004
Penguin 231.68 123.519744 314.88 277.119744
Penguin 304.64 277.119744 407.68 362.88
Penguin 373.12 179.19974399999998 481.28 304.640256
Penguin 428.8 289.92 522.88 369.279744
Penguin 443.52 138.24 514.56 242.55974399999997
Penguin 519.68 165.759744 648.32 384.0
Penguin 565.12 329.600256 750.08 401.28
Penguin 638.72 111.35999999999999 732.8 240.0
Penguin 699.52 176.64000000000001 810.88 311.04
Penguin 741.12 277.119744 816.0 349.44
Penguin 798.72 202.88025599999997 892.8 382.719744
Penguin 882.56 224.000256 972.16 365.439744
Penguin 902.4 329.600256 1023.36 397.43999999999994
