Penguin 0.0 352.0 179.242245 505.6
Penguin 3.20086 211.2 57.61379000000001 272.0
Penguin 3.20086 515.2 172.840525 764.8
Penguin 70.416385 265.6 147.23449 307.2
Penguin 118.42844 320.0 182.443105 390.4
Penguin 128.030175 28.8 604.9431050000001 931.2
Penguin 137.632755 0.0 745.7767200000001 848.0
Penguin 646.55344 172.8 684.96207 201.6
Penguin 700.9655250000001 377.6 841.7991400000001 585.6
Penguin 707.3672449999999 70.4 739.375 115.2
Penguin 720.1706849999999 137.6 739.375 169.6
Penguin 742.5758599999999 131.2 768.1818949999999 176.0
Penguin 742.5758599999999 80.0 771.3827550000001 128.0
Penguin 771.3827550000001 86.4 803.39051 131.2
