Penguin 0.0 188.58388000000002 1022.72 305.326248
Penguin 54.4 342.529672 65.28 355.35848799999997
Penguin 85.12 346.378388 91.52 354.07582
Penguin 311.04 283.516976 324.48 292.497432
Penguin 402.56 297.62881600000003 412.8 313.023324
Penguin 420.48 295.063124 433.92 310.457632
Penguin 691.2 271.329672 784.0 298.91184
Penguin 817.28 275.178388 887.68 301.47753199999994
Penguin 911.36 314.94786 923.52 330.342368
Penguin 965.12 310.457632 1023.36 355.35848799999997
Penguin 1008.64 291.214408 1016.32 314.94786
