Penguin 0.0 292.805515 40.96 372.894778
Penguin 30.72 295.368814 114.56 433.76237199999997
Penguin 96.0 173.632943 194.56 311.38653000000005
Penguin 208.64 80.08926299999999 274.56 178.758858
Penguin 214.4 35.239385 270.72 153.771303
Penguin 261.12 211.434944 341.76 337.655393
Penguin 336.0 294.08750599999996 418.56 403.00824800000004
Penguin 339.84 108.921425 425.6 263.974036
Penguin 433.28 269.099268 510.72 415.18204
Penguin 434.56 98.669595 492.16 230.01595899999998
Penguin 499.2 167.867057 555.52 288.961591
Penguin 505.6 37.802001 602.24 89.05910200000001
Penguin 585.6 236.42318200000003 674.56 387.631186
Penguin 672.0 185.16608100000002 759.68 313.949146
Penguin 709.12 132.627672 775.68 246.674329
Penguin 791.68 142.878819 884.48 198.62118100000004
Penguin 792.96 185.16608100000002 866.56 312.66783799999996
Penguin 867.84 233.86056599999998 931.84 286.398975
Penguin 897.92 226.17135199999998 989.44 374.17608600000005
Penguin 1005.44 197.33987299999998 1023.36 255.00351399999997
