Penguin 0.0 186.17440599999998 35.84 271.264818
Penguin 12.16 287.25908200000003 54.4 354.4354
Penguin 13.44 255.91027 62.08 330.763862
Penguin 23.68 389.62319 163.2 562.362196
Penguin 34.56 294.936356 120.96 422.25143399999996
Penguin 40.96 177.2177 71.04 216.243786
Penguin 58.24 193.85168 106.88 264.86697599999997
Penguin 81.92 258.469134 136.96 362.112674
Penguin 102.4 197.050942 143.36 279.58180799999997
Penguin 110.72 520.776564 215.68 681.3602840000001
Penguin 120.96 456.159792 244.48 562.362196
Penguin 129.92 342.279432 199.68 447.202404
Penguin 138.24 273.823682 206.08 377.46722200000005
Penguin 145.92 440.804562 280.96 518.2177
Penguin 200.96 254.63015599999997 245.76 359.55381
Penguin 220.8 339.72056799999996 299.52 494.54616200000004
Penguin 244.48 344.838978 313.6 491.986616
Penguin 282.24 292.37681 343.04 384.50478
Penguin 320.64 334.602158 371.84 415.85359200000005
Penguin 343.04 335.88158999999996 430.72 442.08467600000006
Penguin 345.6 300.054084 410.88 365.95097000000004
Penguin 349.44 612.9045340000001 440.32 681.3602840000001
Penguin 414.72 408.176318 465.92 507.34116400000005
Penguin 442.24 349.95670599999994 529.28 513.09929
Penguin 505.6 415.85359200000005 581.76 544.448102
Penguin 517.12 500.944004 598.4 575.7975960000001
Penguin 522.24 533.5722480000001 645.76 669.204316
Penguin 552.96 368.510516 609.28 444.64354
Penguin 593.28 380.665802 666.88 486.86888799999997
Penguin 613.12 428.649276 685.44 573.2380499999999
Penguin 673.28 435.686834 761.6 520.776564
Penguin 743.04 388.343076 816.64 490.70718400000004
Penguin 778.24 444.64354 889.6 630.817946
Penguin 823.04 399.859328 920.32 561.082764
Penguin 922.88 417.133024 1014.4 614.823682
