Penguin 228.800512 142.399488 950.4 700.8
Penguin 0.0 263.999488 36.799488000000004 377.6
Penguin 19.2 272.0 62.400512 369.60051200000004
Penguin 44.8 280.000512 71.999488 371.2
Penguin 73.6 249.6 139.199488 377.6
Penguin 144.0 268.8 172.8 377.6
Penguin 171.199488 268.8 208.0 371.2
Penguin 208.0 260.799488 251.199488 380.8
Penguin 230.4 254.399488 291.2 379.200512
Penguin 257.60051200000004 263.999488 305.60051200000004 379.200512
Penguin 283.200512 260.799488 332.8 366.39948799999996
Penguin 310.4 262.4 361.6 379.200512
Penguin 352.0 272.0 400.0 364.8
Penguin 374.4 270.39948799999996 432.0 355.2
Penguin 417.60051200000004 280.000512 443.200512 364.8
Penguin 441.6 291.2 476.8 352.0
Penguin 801.599488 364.8 897.5994880000001 406.4
