Penguin 407.04 452.56846 449.28 496.09675300000004
Penguin 445.44 501.218089 499.84 544.7463819999999
Penguin 449.28 572.9116879999999 487.68 618.3615030000001
Penguin 459.52 446.807978 494.72 489.05593700000003
Penguin 490.88 570.992208 534.4 618.3615030000001
Penguin 497.92 510.180427 546.56 544.7463819999999
Penguin 506.88 459.61029699999995 543.36 501.218089
Penguin 534.4 558.829035 578.56 611.319666
Penguin 553.6 459.61029699999995 602.88 496.09675300000004
Penguin 560.64 503.13858999999997 604.16 541.546568
Penguin 597.76 506.339425 648.32 541.546568
Penguin 606.08 464.730612 648.32 503.13858999999997
Penguin 616.32 489.696104 916.48 787.994527
Penguin 641.28 464.730612 680.96 506.339425
Penguin 673.92 459.61029699999995 711.04 489.05593700000003
Penguin 709.12 452.56846 738.56 492.25677199999996
Penguin 874.88 471.77244899999994 911.36 506.339425
Penguin 909.44 474.973284 965.12 513.380241
Penguin 925.44 562.02987 961.92 593.396011
Penguin 925.44 352.709555 976.0 391.11651199999994
Penguin 983.04 340.546382 1023.36 384.075696
Penguin 986.24 467.931447 1014.4 515.3007420000001
