Penguin 771.072 265.023044 858.112 441.02343999999994
Penguin 73.728 238.41875199999998 140.288 400.09283600000003
Penguin 239.616 256.837152 308.224 349.953604
Penguin 249.856 234.32552 366.592 389.860328
Penguin 400.384 244.55802799999998 485.376 398.046792
Penguin 466.944 199.534764 539.648 372.465236
Penguin 546.816 246.604644 648.192 452.2792559999999
Penguin 568.32 221.02308799999997 640.0 392.930252
Penguin 645.12 234.32552 761.856 393.95356000000004
Penguin 867.328 293.674524 947.2 389.860328
