Penguin 0.0 64.639872 84.48 174.719808
Penguin 67.2 51.200064 108.16 153.600192
Penguin 104.96 72.320256 152.32 160.00012800000002
Penguin 131.2 88.319808 198.4 167.04
Penguin 177.28 65.91974400000001 193.28 103.67999999999999
Penguin 231.04 122.23987199999998 424.32 458.24025600000004
Penguin 257.28 96.000192 273.28 135.68025599999999
Penguin 266.88 81.27993599999999 302.08 151.03987199999997
Penguin 392.32 39.680063999999994 640.64 536.9598719999999
Penguin 543.36 265.599936 701.44 561.279744
Penguin 586.88 93.43987200000001 798.08 523.5200639999999
Penguin 784.64 114.56006400000001 834.56 208.639872
Penguin 821.76 148.480128 874.24 197.119872
Penguin 824.32 298.24012799999997 1023.36 448.64006400000005
Penguin 842.88 282.24 1023.36 345.59999999999997
Penguin 895.36 222.08025600000002 1023.36 308.480256
