Penguin 18.400256 171.30066799999997 195.2 505.09602
Penguin 7.999488 233.737086 65.599488 434.654968
Penguin 213.600256 290.570192 254.399488 388.227818
Penguin 259.999744 138.48146400000002 456.80025599999993 533.11258
Penguin 422.4 170.5 518.4 451.464904
Penguin 562.400256 233.737086 640.0 423.448344
Penguin 583.199744 185.7086 747.200512 536.31457
Penguin 775.999488 268.957612 844.8 414.643042
Penguin 849.5994880000001 223.33113 905.6 376.220526
Penguin 897.5994880000001 234.53775399999998 1023.2002560000001 443.46027
