Penguin 0.0 43.535736 18.56 90.27163200000001
Penguin 0.0 78.747666 21.12 127.40501400000002
Penguin 9.6 106.277856 26.24 160.056816
Penguin 67.2 121.00266 87.04 154.934526
Penguin 173.44 254.81002800000005 204.8 274.01709000000005
Penguin 198.4 333.55837199999996 215.68 368.77030199999996
Penguin 214.4 346.36240200000003 233.6 380.294946
Penguin 233.6 358.5270780000001 256.0 388.617396
Penguin 236.8 333.55837199999996 252.16 357.2463359999999
Penguin 261.12 342.5215319999999 280.96 370.051044
Penguin 263.04 405.263652 291.84 437.274744
Penguin 278.4 398.86129800000003 313.6 431.51242199999996
Penguin 286.08 352.76475600000003 309.76 379.014204
Penguin 286.08 370.051044 315.52 389.898138
Penguin 302.08 468.645804 320.64 506.419218
Penguin 313.6 409.745232 330.88 431.51242199999996
Penguin 319.36 375.172656 338.56 396.30049199999996
Penguin 323.2 467.36574 346.88 521.1447000000001
Penguin 324.48 384.77652600000005 354.56 422.549262
Penguin 349.44 367.490238 357.12 391.178202
Penguin 355.84 377.733462 376.96 406.543716
Penguin 371.2 590.289174 417.28 609.495558
Penguin 373.12 489.77364 399.36 537.7902780000001
Penguin 378.24 459.042612 409.6 485.29206
Penguin 382.72 457.76187 407.68 482.730576
Penguin 384.0 379.014204 423.04 411.66600600000004
Penguin 389.76 444.31713 398.72 468.005772
Penguin 393.6 434.07390599999997 414.72 457.76187
Penguin 403.84 508.980024 435.2 548.0341800000001
Penguin 412.16 445.597872 435.2 468.005772
Penguin 414.72 589.0084320000001 426.24 624.22104
Penguin 421.12 468.005772 433.92 486.57212400000003
Penguin 422.4 398.22126600000007 440.96 444.31713
Penguin 426.88 352.76475600000003 590.08 406.543716
Penguin 427.52 546.7534380000001 456.32 578.124498
Penguin 436.48 398.22126600000007 469.76 448.15867800000007
Penguin 438.4 485.29206 461.44 517.943184
Penguin 438.4 544.1926319999999 467.2 564.039726
Penguin 439.68 455.201064 453.76 469.28583599999996
Penguin 439.68 448.15867800000007 478.72 481.45051199999995
Penguin 442.24 440.47625999999997 458.88 446.87793600000003
Penguin 446.08 519.223926 465.92 546.7534380000001
Penguin 453.76 482.730576 477.44 525.6262800000001
Penguin 464.64 415.506876 493.44 437.914776
Penguin 508.8 448.15867800000007 526.08 491.693736
Penguin 518.4 554.4365339999999 540.16 573.002886
Penguin 519.68 574.283628 540.16 625.501104
Penguin 531.2 462.88416 548.48 501.937638
Penguin 538.88 549.314244 556.16 569.161338
Penguin 545.92 594.1300439999999 569.6 638.945844
Penguin 548.48 491.693736 570.88 510.26076600000005
Penguin 552.32 511.54083 574.72 539.07102
Penguin 553.6 545.4733739999999 572.16 576.8444340000001
Penguin 574.72 482.730576 587.52 499.376832
Penguin 574.72 546.7534380000001 599.68 565.320468
Penguin 576.0 469.28583599999996 600.96 494.25521999999995
Penguin 583.68 462.88416 600.96 487.852866
Penguin 588.8 532.668666 611.2 554.4365339999999
Penguin 593.92 541.631826 620.16 575.563692
Penguin 604.8 474.40812600000004 637.44 508.980024
Penguin 615.04 515.382378 634.88 546.7534380000001
Penguin 624.64 605.654688 646.4 638.945844
Penguin 627.2 546.7534380000001 649.6 578.124498
Penguin 636.16 487.852866 656.0 515.382378
Penguin 642.56 507.69996 661.12 554.4365339999999
Penguin 666.24 403.98290999999995 679.68 426.39081
Penguin 749.44 178.62316799999996 771.84 201.031068
Penguin 805.76 122.283402 832.0 170.30004
Penguin 828.16 44.8158 845.44 86.430762
Penguin 842.88 68.504442 859.52 85.15002
Penguin 859.52 60.18131399999999 885.76 81.30847200000001
Penguin 859.52 80.028408 896.64 117.80182200000002
Penguin 876.8 106.277856 890.88 116.52107999999998
Penguin 885.76 49.937411999999995 910.72 80.028408
Penguin 895.36 102.436308 917.12 144.05127000000002
Penguin 910.72 11.523965999999998 938.24 49.937411999999995
Penguin 915.84 74.906796 938.24 112.68021
Penguin 922.88 91.55237399999999 965.76 132.526626
Penguin 923.52 307.948956 963.2 334.19840400000004
Penguin 926.72 160.696848 947.84 188.22635999999997
Penguin 933.12 0.0 958.08 39.054156
Penguin 933.12 65.302926 960.64 85.15002
Penguin 939.52 47.376605999999995 963.2 68.504442
Penguin 942.72 149.172882 970.24 177.98313599999997
Penguin 952.32 310.50976199999997 988.8 336.75921
Penguin 952.96 128.04504599999999 979.2 153.01443
Penguin 960.64 0.0 976.64 26.249448
Penguin 963.2 69.78450600000001 990.72 106.277856
Penguin 969.6 145.971366 1018.24 178.62316799999996
Penguin 980.48 0.0 1000.32 23.688641999999998
Penguin 980.48 42.254994 1002.88 62.74212
Penguin 986.88 83.869956 1006.72 104.997114
Penguin 1002.88 0.0 1023.36 18.566352
Penguin 1006.72 83.869956 1023.36 110.11872600000001
Penguin 1010.56 23.688641999999998 1022.08 53.77896
