Penguin 1.92 297.20865 52.48 384.9619
Penguin 62.08 287.60017999999997 98.56 373.43187
Penguin 85.76 362.54303000000004 118.4 539.97109
Penguin 88.32 297.20865 126.08 386.24294
Penguin 118.4 371.51031 210.56 583.5277900000001
Penguin 148.48 288.88122 194.56 381.11878
Penguin 197.12 368.94822999999997 311.04 604.0251
Penguin 240.64 283.75706 253.44 320.90789
Penguin 319.36 294.64657 417.28 572.63895
Penguin 319.36 310.01905 440.96 577.76311
Penguin 455.68 341.40520000000004 559.36 577.76311
Penguin 474.24 263.90027 561.92 441.32899999999995
Penguin 547.2 352.29471 618.24 520.11497
Penguin 585.6 268.38457999999997 789.12 310.01905
Penguin 650.88 270.94666 716.8 492.57194
Penguin 652.16 340.12416 768.0 559.8278799999999
Penguin 730.88 353.57575 850.56 589.93299
Penguin 800.64 220.98476 906.88 295.92761
Penguin 896.64 356.13782999999995 1015.68 570.0762000000001
