Penguin 604.0002559999999 633.000192 666.999808 759.999744
Penguin 0.0 127.00032000000002 590.999552 295.00032
Penguin 0.0 559.00032 760.999936 703.00032
Penguin 0.0 337.999872 888.9999359999999 553.9998720000001
Penguin 14.000128 629.9996160000001 58.000384 701.9996160000001
Penguin 60.00025600000001 645.000192 112.0 708.999936
Penguin 67.00032 221.999616 69.999616 228.99993600000002
Penguin 117.000192 484.99968 124.99968 502.00012799999996
Penguin 135.00006399999998 628.99968 179.00032 708.999936
Penguin 156.000256 492.99993600000005 165.000192 505.99987200000004
Penguin 174.999552 496.99968 183.00006399999998 513.000192
Penguin 183.00006399999998 628.99968 216.999936 696.0
Penguin 192.0 498.00038399999994 197.999616 513.000192
Penguin 232.999936 625.9998720000001 282.000384 697.9998720000001
Penguin 243.00032000000002 252.99993600000002 453.999616 344.00025600000004
Penguin 282.000384 625.9998720000001 321.000448 690.0003839999999
Penguin 296.999936 493.99987200000004 305.000448 505.99987200000004
Penguin 318.999552 492.99993600000005 334.00012799999996 504.99993600000005
Penguin 321.000448 612.999936 366.999552 694.0001279999999
Penguin 334.999552 482.99980800000003 344.000512 496.99968
Penguin 353.99987200000004 480.99993600000005 360.999936 492.99993600000005
Penguin 359.999488 612.999936 407.000064 683.000064
Penguin 437.00019199999997 287.00006399999995 643.9997440000001 358.000128
Penguin 437.999616 604.99968 494.000128 705.000192
Penguin 542.000128 610.0001279999999 581.000192 669.000192
Penguin 638.999552 116.00025600000001 1022.999552 225.00019199999997
Penguin 657.000448 604.99968 696.000512 663.999744
Penguin 661.000192 508.99968 1022.999552 595.00032
Penguin 686.999552 293.999616 1022.999552 387.99974399999996
Penguin 727.000064 600.999936 771.9997440000001 672.0
Penguin 743.999488 181.99987199999998 963.999744 310.000128
Penguin 801.999872 633.000192 849.000448 714.0003839999999
Penguin 816.0 588.999936 1022.999552 673.9998720000001
Penguin 846.0001279999999 615.999744 885.9996160000001 706.0001279999999
Penguin 858.0003839999999 346.000128 862.0001279999999 355.00032
Penguin 888.000512 624.0 940.000256 715.00032
Penguin 920.9999359999999 338.99980800000003 929.9998720000001 347.00006399999995
Penguin 938.0003839999999 634.0001279999999 993.000448 724.99968
Penguin 970.999808 324.0 976.0 335.00006399999995
Penguin 1002.999808 345.00019199999997 1011.999744 352.99968
