Penguin 0.0 304.799744 23.213915999999998 385.60051200000004
Penguin 0.0 340.799488 38.422516 444.8
Penguin 0.0 410.399744 44.826496 442.39974400000006
Penguin 0.0 304.0 307.380128 518.4
Penguin 29.617214 198.4 661.188088 887.1997439999999
Penguin 44.826496 361.6 83.24901200000001 436.799488
Penguin 46.42715 315.200512 77.6457 385.60051200000004
Penguin 77.6457 335.200256 111.265572 392.800256
Penguin 83.24901200000001 363.200512 128.875494 424.80025599999993
Penguin 112.866226 319.200256 159.29337599999997 407.199744
Penguin 145.68543 324.799488 228.133774 460.000256
Penguin 197.715892 304.799744 241.74172 414.39948799999996
Penguin 248.945686 339.999744 285.76754800000003 398.39948799999996
Penguin 257.750988 303.200256 301.776816 361.6
Penguin 359.41059 322.400256 435.455636 403.2
Penguin 397.03312 292.799488 681.199332 451.2
Penguin 409.03973 315.200512 454.666894 424.80025599999993
Penguin 435.455636 306.400256 461.87086 361.6
Penguin 456.267548 306.400256 504.296034 392.800256
Penguin 497.091386 301.599744 530.711258 375.199744
Penguin 535.513902 297.6 561.929808 368.0
Penguin 558.727818 312.000512 586.7443780000001 371.999744
Penguin 592.3476900000001 310.4 630.770206 384.0
Penguin 622.7655719999999 327.999488 681.199332 448.0
