Penguin 252.8 171.78216 513.28 474.96457799999996
Penguin 28.8 35.89502400000001 64.0 103.838592
Penguin 181.12 57.68765199999999 213.76 71.148286
Penguin 213.76 63.45669 232.32 71.148286
Penguin 234.88 80.122042 296.32 121.14502399999999
Penguin 304.0 73.712606 355.2 89.736878
Penguin 312.32 47.432418 348.8 121.14502399999999
Penguin 516.48 43.58662 541.44 89.736878
Penguin 556.16 41.0223 567.68 88.454718
Penguin 561.28 44.868098 584.96 92.30051600000002
Penguin 611.2 28.843825999999996 637.44 117.298544
Penguin 618.88 44.868098 654.72 119.86286399999999
Penguin 648.96 52.560376 658.56 108.965868
Penguin 662.4 43.58662 679.68 72.43044599999999
Penguin 666.24 46.15025800000001 695.04 119.86286399999999
Penguin 705.92 37.176502 742.4 123.708662
Penguin 750.08 37.176502 791.04 126.2723
Penguin 784.64 34.612864 810.88 118.580704
Penguin 805.12 37.176502 838.4 133.964578
Penguin 830.08 52.560376 851.2 131.400258
Penguin 848.64 44.868098 886.4 135.24605599999998
Penguin 880.0 38.458662 920.96 118.580704
Penguin 915.84 46.15025800000001 932.48 118.580704
Penguin 923.52 24.998027999999998 938.88 114.734906
Penguin 947.2 41.0223 973.44 114.734906
Penguin 968.32 43.58662 1009.92 128.83661999999998
Penguin 1008.64 48.714577999999996 1023.36 132.682418
