Penguin 63.36 234.756831 401.28 583.3742940000001
Penguin 0.0 204.05274 81.92 314.07510299999996
Penguin 234.88 241.79308500000002 360.96 416.421615
Penguin 289.28 210.449397 378.24 356.293314
Penguin 413.44 282.732102 475.52 377.40207599999997
Penguin 451.84 275.055564 539.52 427.29613800000004
Penguin 485.76 210.449397 782.08 678.6845519999999
Penguin 530.56 287.84887799999996 622.08 385.07792700000005
Penguin 714.24 394.033659 798.08 471.43314
Penguin 812.16 424.097466 949.12 511.09227599999997
Penguin 910.72 308.958327 1002.88 437.531064
