Penguin 272.0 720.0 457.6 979.2
Penguin 0.0 758.4 100.800512 1022.4005119999999
Penguin 39.999488 59.200511999999996 199.99948799999999 270.39948799999996
Penguin 64.0 377.6 211.2 611.2
Penguin 254.399488 80.0 403.2 263.999488
Penguin 272.0 380.8 433.60051200000004 617.6
Penguin 440.000512 67.2 579.2 283.200512
Penguin 470.4 377.6 628.799488 624.0
Penguin 577.599488 743.999488 732.8 1017.6
Penguin 638.400512 68.800512 788.799488 263.999488
Penguin 721.599488 377.6 876.8 606.400512
Penguin 841.6 86.4 993.5994880000001 284.8
Penguin 883.2 777.6 1022.4005119999999 1022.4005119999999
Penguin 944.0 395.200512 1022.4005119999999 627.2
