Penguin 535.04 212.05182299999998 670.08 527.887365
Penguin 18.56 345.30513600000006 98.56 521.480517
Penguin 44.8 128.76824699999997 131.2 176.176062
Penguin 60.8 332.492121 186.88 533.012571
Penguin 124.8 164.003868 224.64 321.60088799999994
Penguin 167.04 317.75732400000004 294.4 563.1223049999999
Penguin 291.84 292.7721149999999 407.04 496.49598899999995
Penguin 329.6 192.832641 424.32 391.43062799999996
Penguin 403.2 240.239775 585.6 500.339553
Penguin 714.24 192.832641 849.28 485.604756
Penguin 796.8 254.97457199999997 921.6 517.6369530000001
Penguin 853.12 191.550999 924.16 275.475396
Penguin 880.64 229.989363 964.48 474.07338300000004
