Penguin 300.8 254.469746 484.799488 624.97046
Penguin 44.8 193.65273599999998 76.00025600000001 248.86816
Penguin 81.599488 183.25 120.00051200000001 248.86816
Penguin 185.6 193.65273599999998 204.8 248.86816
Penguin 195.2 171.246392 236.000256 264.872482
Penguin 246.4 191.252161 270.39948799999996 240.86599900000002
Penguin 274.400256 176.048275 319.200256 259.270896
Penguin 314.399744 189.65202200000002 333.599744 248.067724
Penguin 400.0 148.840781 456.80025599999993 276.875357
Penguin 471.19974400000007 156.84294199999997 515.9997440000001 259.270896
Penguin 506.39974400000006 152.841495 699.200512 254.469746
Penguin 702.400512 151.24135600000002 859.2005119999999 259.270896
Penguin 851.2 191.252161 889.6 248.067724
Penguin 898.400256 169.64625299999997 930.400256 248.067724
Penguin 932.7994880000001 191.252161 956.8 248.067724
Penguin 964.7994880000001 180.048989 992.7997439999999 244.066277
Penguin 996.7994880000001 185.65057499999998 1011.999744 248.067724
