Penguin 0.0 159.35999999999999 91.52 424.959744
Penguin 0.0 399.99974399999996 190.72 648.320256
Penguin 0.0 0.0 1023.36 355.20000000000005
Penguin 39.68 434.559744 223.36 762.24
Penguin 46.72 267.519744 250.24 522.8797440000001
Penguin 60.8 111.35999999999999 205.44 303.36
Penguin 190.72 440.96025599999996 337.28 767.360256
Penguin 202.24 576.0 443.52 767.360256
Penguin 259.2 304.640256 492.16 570.24
Penguin 302.72 128.64000000000001 436.48 323.199744
Penguin 369.28 287.36025600000005 484.48 428.799744
Penguin 468.48 339.200256 586.24 439.68
Penguin 496.0 410.24025600000004 612.48 647.04
Penguin 565.12 464.64 699.52 647.04
Penguin 613.76 295.68 704.0 468.48
Penguin 643.2 99.84 807.04 328.32
Penguin 663.04 670.719744 869.12 767.360256
Penguin 737.92 332.15999999999997 980.48 557.439744
Penguin 789.76 196.47974399999998 993.28 449.91974400000004
Penguin 825.6 613.119744 1018.88 767.360256
Penguin 956.16 169.599744 1023.36 340.479744
