Penguin 0.0 479.47302 38.4 528.301332
Penguin 52.799488000000004 486.6776459999999 97.599488 521.0967059999999
Penguin 75.199488 443.452698 101.600256 490.67974799999996
Penguin 131.999744 500.285214 209.600512 536.305536
Penguin 162.400256 433.847232 263.999488 504.287316
Penguin 284.000256 406.63139400000006 712.800256 498.68395200000003
Penguin 320.799744 504.287316 364.000256 577.1289419999999
Penguin 323.2 571.525578 374.4 679.5872459999999
Penguin 355.2 500.285214 398.39948799999996 530.7021719999999
Penguin 389.600256 497.883672 434.40025599999996 559.5185700000001
Penguin 439.19974400000007 504.287316 509.59974400000004 581.131044
Penguin 596.799488 581.131044 691.2 625.956552
Penguin 680.800256 496.283112 699.200512 559.5185700000001
Penguin 736.799744 405.030834 1023.2002560000001 475.47091800000004
Penguin 885.6002560000001 437.849334 922.3997439999999 496.283112
