Penguin 0.0 328.180446 59.52 440.992794
Penguin 67.2 188.44751200000002 229.76 513.42324
Penguin 214.4 288.439624 286.08 489.70669
Penguin 247.04 377.53542200000004 298.24 483.93765199999996
Penguin 284.8 241.007206 368.0 487.143052
Penguin 325.76 251.904202 471.04 498.68044599999996
Penguin 435.84 332.026244 518.4 506.372042
Penguin 440.96 228.18765199999999 561.92 497.398286
Penguin 565.76 335.872042 628.48 438.428474
Penguin 577.92 415.994084 719.36 499.96260600000005
Penguin 619.52 383.30446 675.84 412.148286
Penguin 695.04 247.417324 897.92 527.524272
Penguin 906.88 399.96981199999993 1023.36 444.83859200000006
Penguin 917.12 383.30446 1023.36 415.994084
