Penguin 642.56 125.631902 837.12 517.269038
Penguin 0.0 67.30248800000001 131.2 592.904202
Penguin 91.52 74.99408399999999 353.92 582.007206
Penguin 291.2 420.480962 402.56 578.161408
Penguin 355.2 152.552488 579.84 586.494084
Penguin 462.72 342.92323999999996 723.84 576.87993
Penguin 544.0 153.834648 656.0 410.225728
Penguin 846.08 474.32349800000003 1023.36 583.289366
Penguin 855.04 278.82547 937.6 419.19948400000004
Penguin 901.12 308.95145599999995 1011.2 473.041338
Penguin 928.64 198.70274600000002 1016.32 362.79331
