Penguin 0.0 208.810168 220.16 407.372868
Penguin 183.04 566.2223419999999 346.24 672.548912
Penguin 199.04 218.418284 426.24 415.058812
Penguin 225.28 119.777658 1023.36 244.67973600000002
Penguin 328.96 361.25514599999997 593.92 450.28765599999997
Penguin 416.64 256.209338 506.24 381.111416
Penguin 496.64 286.313762 657.92 345.24184800000006
Penguin 519.04 212.65382599999998 574.08 313.855976
Penguin 625.28 274.78416 751.36 445.163236
Penguin 646.4 178.705744 696.32 256.209338
Penguin 648.96 238.915278 776.32 285.03299999999996
Penguin 682.88 177.424982 727.68 285.03299999999996
Penguin 787.84 235.07162 869.76 390.078122
Penguin 922.24 304.888584 1023.36 366.37888
