Penguin 410.000384 263.00005200000004 542.000128 461.000268
Penguin 8.999936 167.999976 62.000128000000004 197.000208
Penguin 53.000192000000006 72.9999 72.999936 115.000236
Penguin 58.000384 168.999984 97.00044799999999 193.00017599999998
Penguin 58.000384 66.999852 106.00038400000001 113.00022
Penguin 85.999616 163.999944 138.000384 188.000136
Penguin 113.999872 96.000084 129.000448 111.00020399999998
Penguin 193.000448 96.000084 218.000384 128.999664
Penguin 247.000064 111.00020399999998 254.999552 125.000316
Penguin 261.999616 113.00022 272.0 134.99971200000002
Penguin 275.00032000000004 117.000252 291.00032000000004 142.999776
Penguin 444.000256 155.99988 455.999488 178.000056
Penguin 528.0 157.999896 540.0002559999999 177.000048
Penguin 536.999936 108.00018 545.000448 118.00026
Penguin 572.99968 266.000076 609.999872 335.999952
Penguin 627.00032 277.00016400000004 673.999872 335.999952
Penguin 648.999936 196.0002 657.000448 211.00032000000002
Penguin 664.999936 197.000208 675.00032 212.000328
Penguin 700.99968 239.999868 766.999552 332.999928
Penguin 746.999808 199.00022400000003 755.00032 209.000304
Penguin 785.999872 197.000208 800.0 216.999684
Penguin 848.0 282.00020400000005 888.000512 325.999872
Penguin 867.0003199999999 309.999744 931.999744 347.00004
Penguin 887.0000640000001 192.000168 897.000448 213.000336
Penguin 929.9998720000001 303.999696 970.0003839999999 352.00007999999997
