Penguin 829.44 379.86983999999995 896.64 486.20736000000005
Penguin 0.0 367.0579 46.72 509.26896500000004
Penguin 33.92 319.01369000000005 58.88 358.089655
Penguin 60.16 339.512455 96.64 405.493155
Penguin 71.68 360.65193000000005 110.08 404.21229999999997
Penguin 91.52 359.37051 144.0 433.03860000000003
Penguin 154.88 354.24595999999997 182.4 400.368605
Penguin 154.88 390.75965 191.36 440.725425
Penguin 209.92 367.0579 275.2 480.4421
Penguin 248.96 359.37051 306.56 475.31755000000004
Penguin 273.92 466.99001499999997 407.68 534.25157
Penguin 293.76 372.82316000000003 357.76 470.833145
Penguin 325.12 346.559135 348.8 388.197375
Penguin 356.48 384.35368 412.8 491.97262
Penguin 369.92 367.0579 385.28 399.087185
Penguin 411.52 383.07282499999997 437.76 433.03860000000003
Penguin 433.92 379.22913000000005 474.88 463.14632
Penguin 458.88 405.493155 504.96 463.14632
Penguin 472.32 235.73721 511.36 324.13824
Penguin 529.92 350.40226500000006 568.96 401.64946
Penguin 560.0 372.82316000000003 627.2 483.00437500000004
Penguin 602.24 364.49562499999996 621.44 397.80633
Penguin 621.44 370.26088500000003 643.84 408.05543
Penguin 637.44 392.04107 692.48 485.56665
Penguin 648.96 351.683685 680.96 396.52491000000003
Penguin 675.2 351.683685 692.48 402.93088
Penguin 696.32 368.338755 723.84 414.46139999999997
Penguin 701.44 404.21229999999997 760.96 493.25404000000003
Penguin 744.96 360.65193000000005 768.64 385.63509999999997
Penguin 750.08 388.197375 778.88 436.882295
Penguin 773.76 361.93335 796.16 390.75965
Penguin 796.16 356.80823499999997 817.28 406.774575
Penguin 896.0 383.07282499999997 926.08 422.788935
Penguin 927.36 394.60334500000005 962.56 463.14632
Penguin 961.28 392.04107 999.68 451.61580000000004
