Penguin 462.08 355.20000000000005 597.76 568.3199999999999
Penguin 0.0 261.759744 133.76 401.91974400000004
Penguin 208.0 248.960256 353.28 392.96025599999996
Penguin 232.96 370.56 406.4 606.080256
Penguin 324.48 260.480256 449.92 436.479744
Penguin 443.52 227.199744 565.12 362.240256
Penguin 497.28 209.28000000000003 587.52 373.119744
Penguin 555.52 266.88 688.0 444.159744
Penguin 586.24 218.240256 696.96 349.44
Penguin 670.72 230.39999999999998 750.08 428.799744
Penguin 682.88 182.39999999999998 772.48 297.6
Penguin 705.28 291.200256 869.12 514.5600000000001
Penguin 845.44 275.199744 1014.4 447.36
Penguin 874.24 179.840256 979.2 329.600256
Penguin 935.04 177.279744 1022.72 288.63974399999995
Penguin 952.32 105.60000000000001 1023.36 209.28000000000003
