Penguin 193.28 304.33865299999997 382.72 633.664861
Penguin 0.0 260.129429 122.24 670.1855539999999
Penguin 383.36 304.979307 471.04 583.0490970000001
Penguin 423.04 304.979307 565.76 621.491752
Penguin 451.84 604.192045 548.48 682.3593460000001
Penguin 554.24 292.805515 677.12 583.0490970000001
Penguin 657.92 290.24289899999997 764.16 550.372328
Penguin 691.84 320.35636900000003 958.08 666.9822839999999
Penguin 841.6 274.225183 900.48 397.88301600000005
Penguin 884.48 272.943875 963.2 419.025964
