Penguin 0.0 206.29504 116.667771 438.002688
Penguin 16.453011999999998 427.53843200000006 133.121486 636.823552
Penguin 115.17249 378.207232 358.978514 943.276032
Penguin 134.616767 310.9376 201.925502 430.52851200000003
Penguin 237.82349399999998 282.533888 290.17449799999997 378.207232
Penguin 297.653012 255.62624 361.97048199999995 378.207232
Penguin 308.123494 423.05433600000003 610.263755 914.873344
Penguin 369.448996 272.06963199999996 414.32148599999994 345.319424
Penguin 376.92751000000004 318.411776 445.732229 438.002688
Penguin 429.27851400000003 273.56467200000003 502.57048199999997 363.25888
Penguin 548.938253 438.002688 680.563755 654.761984
Penguin 589.323494 297.483264 650.648996 405.11487999999997
