Penguin 0.0 202.88025599999997 385.92 369.279744
Penguin 12.8 389.120256 35.2 439.68
Penguin 165.76 366.71999999999997 192.64 426.24
Penguin 256.0 381.44025600000003 277.12 405.12
Penguin 277.12 360.320256 298.24 405.12
Penguin 300.8 354.560256 319.36 403.839744
Penguin 303.36 424.959744 368.64 452.480256
Penguin 318.08 386.559744 351.36 431.36025600000005
Penguin 337.92 364.160256 359.04 397.43999999999994
Penguin 369.92 412.79999999999995 403.84 448.640256
Penguin 387.2 357.759744 417.28 407.679744
Penguin 392.32 438.39974400000006 425.6 499.20000000000005
Penguin 434.56 494.72025600000006 478.08 554.240256
Penguin 439.68 366.71999999999997 968.96 576.0
Penguin 475.52 418.56000000000006 521.6 473.60025599999994
Penguin 481.92 254.079744 677.76 303.36
Penguin 483.2 421.11974399999997 515.2 481.91999999999996
Penguin 584.32 488.96025599999996 636.16 527.360256
Penguin 627.84 360.320256 647.68 399.99974399999996
Penguin 654.08 299.52 930.56 381.44025600000003
Penguin 743.04 540.159744 787.84 591.36
Penguin 745.6 531.84 771.84 584.960256
Penguin 887.04 216.95999999999998 1023.36 278.4
Penguin 897.28 645.759744 919.68 680.319744
Penguin 917.12 650.88 951.68 698.88
Penguin 967.68 640.640256 999.04 690.560256
Penguin 991.36 586.239744 1023.36 599.679744
Penguin 993.92 597.12 1011.2 632.319744
Penguin 995.2 635.52 1020.8 677.76
Penguin 1012.48 603.519744 1023.36 638.079744
