Penguin 12.8 216.820995 172.16 549.4069900000001
Penguin 128.64 496.96065 162.56 515.50908
Penguin 140.16 477.13332499999996 171.52 503.356495
Penguin 176.64 456.027105 207.36 503.356495
Penguin 216.32 409.97661000000005 377.6 523.18382
Penguin 238.72 380.55586000000005 264.96 423.40809
Penguin 264.96 373.52022500000004 291.2 415.732665
Penguin 352.64 409.97661000000005 377.6 437.47867499999995
Penguin 356.48 323.63236 375.04 355.611585
Penguin 382.72 379.91607000000005 691.2 528.3007699999999
Penguin 393.6 422.129195 419.84 453.46862999999996
Penguin 512.64 342.180105 522.24 384.39323
Penguin 516.48 314.67804 533.76 342.180105
Penguin 522.24 357.53027000000003 548.48 403.580765
Penguin 548.48 307.002615 568.96 334.505365
Penguin 563.84 343.459685 590.08 386.311915
Penguin 571.52 443.23541500000005 608.64 480.97138
Penguin 583.68 324.911255 597.76 355.611585
Penguin 606.08 284.6175 618.88 314.67804
Penguin 664.96 253.27738000000002 676.48 275.66318
Penguin 676.48 196.35388 899.84 437.47867499999995
Penguin 691.2 279.50055 705.92 296.12961
Penguin 696.32 487.367225 747.52 527.02119
Penguin 705.92 434.920885 725.12 480.97138
Penguin 738.56 498.24022999999994 760.96 529.579665
Penguin 752.64 247.521325 767.36 271.18602000000004
Penguin 766.08 211.06425499999997 778.88 225.77531499999998
Penguin 768.64 273.74449500000003 784.64 292.29224
Penguin 776.32 299.967665 796.16 326.19014999999996
