Penguin 16.0 308.480256 49.28 414.72
Penguin 29.44 333.44025600000003 87.68 459.519744
Penguin 59.52 293.76 116.48 414.72
Penguin 107.52 302.079744 151.04 405.12
Penguin 167.04 332.15999999999997 210.56 414.72
Penguin 167.04 444.800256 305.92 640.640256
Penguin 172.16 346.880256 206.72 442.23974400000003
Penguin 236.8 336.63974399999995 300.16 488.319744
Penguin 279.04 406.400256 342.4 562.5600000000001
Penguin 333.44 330.87974399999996 387.84 462.08025599999996
Penguin 365.44 407.679744 433.92 565.119744
Penguin 638.72 540.159744 798.72 767.360256
Penguin 759.04 386.559744 820.48 556.160256
Penguin 783.36 485.76 952.32 767.360256
Penguin 853.12 407.679744 956.16 565.119744
