Penguin 877.44 531.84 1024.0 755.840256
Penguin 162.56 276.48 186.24 317.439744
Penguin 183.68 293.76 217.6 344.319744
Penguin 199.04 277.760256 247.04 324.48
Penguin 284.16 293.76 332.8 337.280256
Penguin 337.92 309.759744 369.92 346.880256
Penguin 369.92 309.759744 414.72 358.400256
Penguin 423.04 321.279744 466.56 368.00025600000004
Penguin 475.52 316.160256 515.2 379.520256
Penguin 535.04 411.519744 592.0 472.32
Penguin 553.6 368.00025600000004 597.76 415.359744
Penguin 617.6 271.359744 647.68 330.87974399999996
Penguin 651.52 389.120256 683.52 432.63974399999995
Penguin 699.52 346.880256 759.04 408.96
Penguin 764.16 324.48 805.12 379.520256
Penguin 789.12 286.08 840.96 371.840256
Penguin 818.56 388.479744 897.92 524.7997439999999
Penguin 871.04 260.480256 956.16 314.88
Penguin 929.28 467.840256 986.24 514.5600000000001
Penguin 965.12 178.56 1002.24 225.920256
