Penguin 0.0 248.1457 95.20025600000001 351.405956
Penguin 97.599488 234.53775399999998 419.999744 434.654968
Penguin 213.600256 303.37815199999994 308.799488 451.464904
Penguin 403.999744 256.150334 497.60051200000004 530.711258
Penguin 472.80025599999993 355.408614 551.999488 524.307278
Penguin 520.800256 230.535096 624.0 521.905956
Penguin 604.8 256.150334 666.399744 459.469538
Penguin 662.4 449.063582 835.2 534.713916
Penguin 691.2 242.54238800000002 789.600256 449.863568
Penguin 747.200512 242.54238800000002 946.400256 345.802644
Penguin 794.399744 459.469538 993.5994880000001 555.525828
Penguin 908.000256 274.560924 993.5994880000001 451.464904
