Penguin 179.01568 597.828056 257.026048 711.9735279999999
Penguin 197.90233600000002 467.258288 309.58182400000004 583.8671439999999
Penguin 199.544832 435.23169199999995 284.94643199999996 487.788224
Penguin 246.35084799999998 608.503588 319.435776 713.615784
Penguin 348.176384 578.119248 489.417728 719.364548
Penguin 360.49408 525.562716 423.724032 551.0202879999999
Penguin 505.841664 423.735032 590.422016 514.887184
Penguin 516.5168639999999 556.768184 606.844928 688.9802080000001
Penguin 573.176832 417.16514 629.016576 487.788224
Penguin 609.308672 468.900544 702.922752 606.8613320000001
Penguin 656.115712 603.575952 748.90752 704.5825080000001
