Penguin 0.0 0.0 56.000512 181.999693
Penguin 318.00012799999996 0.0 1022.999552 254.00018699999998
Penguin 444.000256 178.999957 536.999936 340.00013199999995
Penguin 506.99980800000003 115.000125 613.9996160000001 262.000166
Penguin 556.99968 189.999672 650.0003839999999 361.000333
Penguin 613.9996160000001 133.999819 689.000448 302.000061
Penguin 689.000448 110.999794 782.000128 339.00021999999996
Penguin 796.99968 242.99978900000002 933.000192 532.000311
Penguin 798.000128 85.999945 869.9996160000001 257.999835
Penguin 888.000512 219.999764 995.999744 406.99969999999996
Penguin 945.000448 134.999731 1022.999552 313.999688
