Penguin 0.0 377.02520000000004 23.272448 407.59507499999995
Penguin 0.0 193.60767500000003 1015.272448 368.29095
Penguin 78.54592 387.21535000000006 104.727552 433.79725
Penguin 119.272448 347.911225 138.181632 375.569875
Penguin 123.63673600000001 320.25314999999995 135.272448 334.80985
Penguin 138.181632 336.26575 145.45408 350.82302500000003
Penguin 157.090816 375.569875 174.54592 401.77205
Penguin 174.54592 381.39232499999997 194.909184 410.5063
Penguin 177.45408 343.5441 190.54592 365.379725
Penguin 190.54592 342.08877499999994 203.636736 361.01259999999996
Penguin 226.90918399999998 311.51890000000003 240.0 327.5315
Penguin 274.909184 331.898625 295.272448 353.73425000000003
Penguin 317.090816 317.341925 375.272448 359.5567
Penguin 381.090816 328.9874 397.090816 353.73425000000003
Penguin 398.54592 489.113975 455.27244800000005 573.5441
Penguin 424.72755199999995 340.632875 449.45408 378.48109999999997
Penguin 437.81836799999996 438.16437499999995 484.36326399999996 512.4049249999999
Penguin 520.727552 490.56987499999997 571.636736 564.8098500000001
Penguin 522.181632 288.22795 532.363264 307.151775
Penguin 544.0 275.126575 552.727552 288.22795
Penguin 549.818368 331.898625 571.636736 375.569875
Penguin 558.54592 272.21535 568.727552 288.22795
Penguin 578.909184 279.4937 589.090816 298.417525
Penguin 587.636736 454.17697499999997 629.818368 519.683275
Penguin 613.818368 510.9496 663.272448 564.8098500000001
Penguin 648.727552 489.113975 689.45408 558.9874
Penguin 666.181632 397.40492500000005 736.0 471.6454750000001
Penguin 667.636736 266.392325 679.272448 288.22795
Penguin 690.909184 279.4937 704.0 296.9622
Penguin 693.818368 454.17697499999997 736.0 518.22795
Penguin 759.272448 483.29095 810.181632 573.5441
Penguin 786.909184 263.48109999999997 804.363264 289.68327500000004
Penguin 805.818368 445.4433 864.0 547.341925
Penguin 807.272448 250.379725 818.909184 272.21535
Penguin 824.727552 250.379725 834.909184 260.56987499999997
Penguin 920.727552 407.59507499999995 965.818368 494.93642500000004
Penguin 944.0 250.379725 965.818368 282.40492500000005
