Penguin 139.675549 579.84 167.867057 645.76
Penguin 192.854612 599.68 217.201513 655.36
Penguin 215.279551 592.64 239.626452 640.0
Penguin 267.81795999999997 653.44 292.16486100000003 679.68
Penguin 290.88355299999995 606.72 306.260615 652.16
Penguin 292.16486100000003 636.16 324.200976 690.56
Penguin 322.278331 604.8 441.450903 666.24
Penguin 456.828648 602.88 486.942118 648.32
Penguin 485.01947300000006 592.64 493.98999499999996 643.2
Penguin 530.5100050000001 602.88 549.731674 645.12
Penguin 644.5573449999999 931.84 682.3593460000001 1022.72
