Penguin 104.32 57.023669999999996 238.72 260.770083
Penguin 0.0 89.05910200000001 112.0 265.255344
Penguin 0.0 0.0 1023.36 237.70449
Penguin 207.36 74.963348 277.12 265.255344
Penguin 291.84 56.383016 376.96 282.554368
Penguin 324.48 69.83743299999999 421.76 295.368814
Penguin 399.36 82.65187900000001 483.2 270.380576
Penguin 479.36 68.55612500000001 580.48 272.943875
Penguin 598.4 39.723963000000005 740.48 279.99175199999996
Penguin 694.4 108.921425 810.88 311.38653000000005
Penguin 838.4 112.765349 920.32 279.99175199999996
Penguin 906.88 65.993509 994.56 231.29726699999998
Penguin 979.2 135.190288 1023.36 296.650122
