Penguin 0.0 306.636092 46.08 326.480952
Penguin 330.88 233.658012 374.4 261.185148
Penguin 346.88 201.649924 370.56 211.25260799999998
Penguin 364.8 215.093424 383.36 240.059372
Penguin 387.2 213.81315199999997 405.76 236.21855599999998
Penguin 412.16 185.00574400000002 432.0 218.93424
Penguin 487.04 212.53287999999998 503.04 226.61651600000002
Penguin 487.04 227.896788 520.96 254.14300800000004
Penguin 535.68 245.181104 581.76 262.46542
Penguin 602.24 233.658012 645.76 255.42327999999998
Penguin 604.16 190.127476 630.4 206.13152000000002
Penguin 624.64 416.103212 702.08 531.3322
Penguin 647.04 190.127476 670.72 222.77505599999998
Penguin 661.76 188.84720399999998 696.96 200.369652
Penguin 690.56 195.248564 736.64 212.53287999999998
Penguin 749.44 188.84720399999998 798.08 207.411792
Penguin 765.44 236.21855599999998 824.32 257.343688
Penguin 795.52 221.494784 819.2 243.900832
Penguin 821.76 192.68802 842.88 208.69206400000002
Penguin 833.28 200.369652 867.84 217.653968
Penguin 895.36 222.77505599999998 958.08 238.7791
Penguin 930.56 187.56628800000001 974.08 206.13152000000002
Penguin 1004.16 225.33624400000002 1023.36 250.30219199999996
