Penguin 120.32 133.119744 231.68 289.280256
Penguin 110.08 568.3199999999999 290.56 766.719744
Penguin 307.2 192.0 384.0 322.56
Penguin 359.68 184.32 448.0 366.080256
Penguin 418.56 289.280256 528.64 567.039744
Penguin 550.4 135.680256 623.36 276.48
Penguin 556.8 189.440256 655.36 295.68
Penguin 573.44 316.160256 673.28 551.679744
Penguin 659.2 158.720256 784.64 343.040256
Penguin 660.48 135.680256 733.44 293.12025600000004
Penguin 760.32 131.840256 832.0 316.160256
Penguin 844.8 610.5600000000001 1017.6 766.719744
Penguin 912.64 140.799744 988.16 328.959744
Penguin 916.48 490.23974400000003 1022.72 698.88
