Penguin 296.23193599999996 349.08970500000004 647.7056 604.501746
Penguin 57.645056000000004 96.07947 90.4704 148.92354000000003
Penguin 104.081408 96.07947 116.09088 138.515232
Penguin 114.48934399999999 109.69139100000001 131.3024 140.917038
Penguin 134.505472 91.275858 157.723648 143.31884399999998
Penguin 184.143872 98.481999 220.17228799999998 173.74412999999998
Penguin 228.17792000000003 94.478748 250.59532799999997 158.531487
Penguin 273.01376 91.275858 307.44064 172.94376900000003
Penguin 305.839104 93.67766400000001 336.263168 168.940518
Penguin 361.081856 88.072968 397.110272 164.93654400000003
Penguin 399.51257599999997 104.086695 431.53715199999994 171.342324
Penguin 435.539968 81.66791099999999 481.175552 163.33582199999998
Penguin 488.38144000000005 84.069717 523.609088 160.933293
Penguin 572.44672 92.076219 604.47232 164.93654400000003
Penguin 605.273088 93.67766400000001 630.892544 159.332571
Penguin 666.120192 102.48525 691.740672 156.930042
Penguin 692.5414400000001 94.478748 718.9616639999999 150.524985
Penguin 696.5442559999999 128.907285 741.379072 158.531487
Penguin 738.977792 92.076219 757.39136 140.917038
Penguin 740.578304 138.515232 794.220544 171.342324
Penguin 763.79648 92.076219 795.82208 146.521734
Penguin 831.0497280000001 109.69139100000001 857.4699519999999 158.531487
Penguin 856.669184 197.76435899999998 919.918592 250.60770599999998
Penguin 867.0771199999999 97.680915 887.894016 138.515232
Penguin 899.903488 104.086695 916.716544 147.322095
Penguin 948.7411199999999 93.67766400000001 963.152896 130.508007
Penguin 965.554176 101.68416600000002 981.5664640000001 130.508007
Penguin 980.76672 104.086695 995.97824 128.106201
Penguin 1011.9905279999999 105.687417 1023.199232 132.109452
