Penguin 309.999616 553.9998720000001 378.000384 700.99968
Penguin 0.0 527.000064 65.00044799999999 680.000256
Penguin 0.0 341.999616 865.000448 694.0001279999999
Penguin 19.999744 309.00019199999997 42.000384000000004 340.99968
Penguin 60.999680000000005 532.99968 131.00032 663.999744
Penguin 158.999552 541.9998720000001 248.00051200000001 675.999744
Penguin 195.999744 564.0 261.999616 706.0001279999999
Penguin 394.99980800000003 542.999808 455.00006399999995 673.9998720000001
Penguin 469.00019199999997 552.0 542.999552 727.00032
Penguin 595.00032 571.00032 663.000064 753.000192
Penguin 597.9996160000001 420.0 622.000128 471.99974399999996
Penguin 620.99968 407.00006399999995 652.99968 478.00012799999996
Penguin 702.999552 421.99987200000004 736.0 481.99987200000004
Penguin 709.9996160000001 580.99968 775.999488 733.9998720000001
Penguin 725.9996160000001 420.0 755.9997440000001 492.0
Penguin 764.0002559999999 610.0001279999999 817.999872 756.0
Penguin 771.9997440000001 436.99968 792.000512 492.0
Penguin 807.000064 609.000192 871.999488 762.0003839999999
Penguin 814.999552 436.99968 855.0000640000001 492.0
Penguin 908.9996800000001 576.999936 963.0003199999999 709.9998720000001
Penguin 931.0003199999999 586.0001279999999 1020.9996800000001 740.000256
Penguin 942.999552 501.00019199999997 999.0000640000001 581.9996160000001
Penguin 967.0000640000001 511.00032 1013.000192 598.0001279999999
