Penguin 540.16 224.67968 666.88 502.488564
Penguin 22.4 188.19313699999998 124.8 204.835798
Penguin 143.36 99.857332 303.36 188.19313699999998
Penguin 286.08 177.310898 382.08 203.555856
Penguin 329.6 136.983846 540.8 188.19313699999998
Penguin 426.88 220.838488 529.28 247.08344599999998
Penguin 465.92 195.874155 499.2 231.080756
Penguin 526.72 139.544413 597.12 268.20727
Penguin 592.0 157.467699 623.36 176.030956
Penguin 668.16 238.12180299999997 833.28 494.806863
Penguin 823.04 216.99797900000002 878.08 248.36338800000001
