Penguin 0.0 435.91655399999996 388.48 506.96904400000005
Penguin 44.8 570.980487 60.8 586.9831770000001
Penguin 47.36 503.128535 63.36 533.214002
Penguin 67.2 504.40847699999995 83.2 533.214002
Penguin 98.56 518.491254 119.68 535.773886
Penguin 120.96 528.092868 144.64 549.8566629999999
Penguin 124.8 509.52961100000005 145.92 519.771196
Penguin 154.88 479.44414400000005 169.6 505.689102
Penguin 177.28 488.40578700000003 193.28 513.3701199999999
Penguin 193.28 601.065271 211.84 634.351276
Penguin 197.12 503.128535 219.52 528.092868
Penguin 222.08 560.7382190000001 261.12 574.820996
Penguin 227.2 505.689102 243.2 525.532301
Penguin 243.2 510.809553 257.28 534.493944
Penguin 266.88 493.52692099999996 284.8 505.689102
Penguin 284.8 509.52961100000005 311.04 521.051821
Penguin 298.24 487.12584499999997 328.32 504.40847699999995
Penguin 325.76 482.00471100000004 348.16 512.0901779999999
Penguin 358.4 483.284653 382.08 500.567968
Penguin 364.8 493.52692099999996 394.24 509.52961100000005
Penguin 384.64 488.40578700000003 405.76 500.567968
Penguin 385.92 528.092868 405.76 559.458277
Penguin 405.76 479.44414400000005 440.96 492.24629600000003
Penguin 410.88 497.36743 444.8 512.0901779999999
Penguin 424.32 540.8950199999999 459.52 558.178335
Penguin 465.92 471.122472 489.6 494.806863
Penguin 467.2 489.68572900000004 480.64 501.84791
Penguin 504.32 455.759753 741.76 497.36743
Penguin 522.24 522.3317629999999 556.8 537.054511
Penguin 536.96 504.40847699999995 558.08 519.771196
Penguin 574.72 544.735529 609.28 563.298786
Penguin 610.56 562.0188440000001 631.68 578.021534
Penguin 613.12 513.3701199999999 639.36 533.214002
Penguin 653.44 526.812243 668.16 544.735529
Penguin 668.16 547.296096 707.2 569.6998619999999
Penguin 672.0 512.0901779999999 689.28 529.3728100000001
Penguin 679.68 490.96635399999997 699.52 509.52961100000005
Penguin 714.24 506.96904400000005 740.48 539.6150779999999
Penguin 727.04 538.3344529999999 762.88 567.1399779999999
Penguin 743.04 487.12584499999997 770.56 505.689102
Penguin 758.4 506.96904400000005 778.24 521.051821
Penguin 800.64 529.3728100000001 842.88 548.5760379999999
Penguin 808.32 496.087488 820.48 519.771196
Penguin 821.76 488.40578700000003 838.4 510.809553
Penguin 841.6 473.043068 853.12 493.52692099999996
Penguin 870.4 487.12584499999997 880.64 508.88964
Penguin 879.36 512.0901779999999 909.44 526.812243
Penguin 899.2 535.773886 940.8 555.617768
