Penguin 60.8 305.600256 100.800512 348.800256
Penguin 70.4 409.599744 195.2 502.400256
Penguin 103.999488 358.400256 126.400512 392.00025600000004
Penguin 132.800512 358.400256 140.8 390.39974400000006
Penguin 184.00051200000001 329.600256 201.6 380.799744
Penguin 211.2 417.59999999999997 238.399488 451.20000000000005
Penguin 248.00051200000001 364.79999999999995 408.000512 507.200256
Penguin 292.799488 564.800256 321.60051200000004 604.8
Penguin 316.8 499.20000000000005 337.60051200000004 555.2002560000001
Penguin 344.000512 505.599744 374.4 555.2002560000001
Penguin 384.0 534.399744 417.60051200000004 576.0
Penguin 385.60051200000004 366.399744 544.0 497.60025599999994
Penguin 531.2 507.200256 561.599488 524.7997439999999
Penguin 532.799488 321.6 553.6 364.79999999999995
Penguin 556.8 265.599744 726.4 412.79999999999995
Penguin 558.400512 417.59999999999997 587.200512 451.20000000000005
Penguin 598.4 379.20000000000005 640.0 412.79999999999995
Penguin 619.200512 388.79999999999995 638.400512 430.400256
Penguin 662.4 427.20000000000005 686.400512 470.40000000000003
Penguin 662.4 462.39974400000006 694.4 513.5999999999999
Penguin 684.8 471.99974399999996 711.999488 523.2
Penguin 705.599488 203.199744 1022.4005119999999 454.400256
Penguin 707.2 430.400256 740.799488 468.800256
Penguin 766.400512 518.4000000000001 777.6 569.600256
Penguin 803.2 504.0 809.6 564.800256
Penguin 817.599488 545.600256 835.2 596.7997439999999
Penguin 870.4 414.39974400000006 905.6 470.40000000000003
Penguin 979.2 441.59999999999997 993.5994880000001 513.5999999999999
Penguin 990.4005119999999 564.800256 1022.4005119999999 628.8
