Penguin 497.28 879.36 607.359744 1022.72
Penguin 0.0 631.04 63.99974400000001 816.64
Penguin 0.0 833.92 63.99974400000001 1023.36
Penguin 7.68 922.88 124.80000000000001 1023.36
Penguin 11.52 485.76 72.320256 581.76
Penguin 16.640256 571.52 74.24025599999999 702.72
Penguin 48.0 574.72 100.47974400000001 685.44
Penguin 56.960256 669.44 104.31974399999999 791.68
Penguin 62.079744000000005 482.56 95.360256 561.28
Penguin 92.16 561.28 130.56 657.28
Penguin 92.799744 520.32 128.000256 577.92
Penguin 122.88 467.84 133.119744 485.12
Penguin 124.160256 506.24 157.44 576.0
Penguin 124.160256 568.96 159.35999999999999 714.24
Penguin 136.959744 621.44 211.839744 730.24
Penguin 143.360256 464.0 152.319744 485.12
Penguin 159.35999999999999 513.28 199.68 577.92
Penguin 164.480256 499.2 206.720256 563.84
Penguin 169.599744 465.92 190.719744 490.24
Penguin 201.60000000000002 539.52 231.039744 597.12
Penguin 202.88025599999997 478.08 222.08025600000002 495.36
Penguin 208.640256 514.56 243.20025600000002 586.24
Penguin 209.91974399999998 567.04 268.160256 716.16
Penguin 216.95999999999998 378.24 767.360256 481.28
Penguin 220.79999999999998 509.44 257.28000000000003 577.92
Penguin 241.92000000000002 487.04 262.400256 526.72
Penguin 250.23974399999997 597.12 295.68 719.36
Penguin 278.4 495.36 320.64 546.56
Penguin 287.36025600000005 611.2 332.799744 700.16
Penguin 292.479744 478.08 302.720256 499.2
Penguin 292.479744 513.28 320.64 581.12
Penguin 313.599744 495.36 364.160256 611.2
Penguin 341.12025600000004 551.68 385.280256 633.6
Penguin 341.12025600000004 574.08 407.679744 675.84
Penguin 360.320256 464.0 397.43999999999994 516.48
Penguin 373.119744 518.4 411.519744 577.92
Penguin 400.640256 595.2 439.040256 730.24
Penguin 405.75974399999996 478.08 435.84000000000003 526.72
Penguin 409.599744 518.4 444.800256 584.96
Penguin 414.72 558.72 453.12 637.44
Penguin 440.96025599999996 481.28 467.199744 513.28
Penguin 453.12 529.28 500.480256 593.92
Penguin 453.12 642.56 514.5600000000001 763.52
Penguin 460.160256 541.44 491.52 623.36
Penguin 481.280256 572.8 510.72 630.4
Penguin 486.39974400000006 583.68 526.719744 672.64
Penguin 486.39974400000006 653.44 563.199744 801.92
Penguin 488.319744 492.16 514.5600000000001 513.28
Penguin 507.519744 494.08 531.84 530.56
Penguin 516.48 527.36 545.919744 583.68
Penguin 530.559744 483.2 547.839744 511.36
Penguin 536.960256 510.08 565.119744 597.12
Penguin 536.960256 583.68 579.2002560000001 728.32
Penguin 565.119744 483.2 586.239744 513.28
Penguin 565.119744 524.16 593.28 595.84
Penguin 567.039744 588.8 595.2 637.44
Penguin 574.08 609.92 593.28 686.72
Penguin 583.040256 490.88 607.359744 520.32
Penguin 602.240256 513.28 633.5999999999999 584.96
Penguin 603.519744 705.92 672.0 865.28
Penguin 612.48 494.08 626.559744 522.24
Penguin 628.479744 483.84 648.96 525.44
Penguin 633.5999999999999 569.6 684.159744 704.0
Penguin 641.919744 465.92 652.8 487.04
Penguin 645.759744 504.96 661.760256 546.56
Penguin 650.88 462.72 670.08 506.24
Penguin 650.88 543.36 687.999744 600.96
Penguin 664.959744 476.8 682.239744 510.08
Penguin 672.0 672.64 741.759744 865.28
Penguin 677.1202559999999 609.92 724.479744 700.8
Penguin 689.28 553.6 734.7202560000001 620.16
Penguin 691.2 494.08 707.199744 531.2
Penguin 694.400256 520.32 719.360256 562.56
Penguin 701.439744 644.48 743.679744 728.32
Penguin 710.4000000000001 543.36 733.4399999999999 595.84
Penguin 717.440256 579.84 746.88 630.4
Penguin 722.559744 629.12 750.72 668.8
Penguin 724.479744 490.88 733.4399999999999 539.52
Penguin 731.52 531.2 750.72 574.72
Penguin 736.640256 497.92 762.8797440000001 550.4
Penguin 740.480256 630.4 766.719744 705.92
Penguin 746.88 565.76 762.8797440000001 623.36
