Penguin 232.96 335.733431 385.92 588.174329
Penguin 0.0 0.0 1023.36 406.85285500000003
Penguin 11.52 511.92967300000004 102.4 682.3593460000001
Penguin 107.52 568.312689 216.32 682.3593460000001
Penguin 212.48 549.731674 328.96 682.3593460000001
Penguin 238.72 310.745876 307.84 447.21747200000004
Penguin 302.72 558.701513 458.88 682.3593460000001
Penguin 380.16 355.59575400000006 430.08 483.097511
Penguin 406.4 589.4556369999999 553.6 682.3593460000001
Penguin 432.64 353.03313799999995 517.76 468.36110299999996
Penguin 496.0 253.081552 541.44 301.77603700000003
Penguin 532.48 348.54787699999997 633.6 492.06735000000003
Penguin 611.2 320.997023 725.12 494.63064899999995
Penguin 657.28 563.186774 821.12 682.3593460000001
Penguin 679.68 249.23762799999997 732.16 304.33865299999997
Penguin 695.04 374.8174230000001 778.88 583.689751
Penguin 716.16 394.679063 893.44 579.845144
Penguin 767.36 301.77603700000003 817.28 389.5531480000001
Penguin 831.36 509.367057 969.6 678.514739
Penguin 865.92 226.812689 898.56 308.182577
Penguin 901.12 303.057345 956.16 364.565593
Penguin 908.8 426.073841 1023.36 617.0064910000001
Penguin 928.64 348.54787699999997 1020.8 522.18082
Penguin 932.48 242.189751 984.96 300.49404599999997
