Penguin 205.71936000000002 295.999488 395.42933999999997 572.0002559999999
Penguin 4.80309 443.200512 27.21567 490.39974400000006
Penguin 57.633630000000004 411.200512 92.85399 497.60051200000004
Penguin 84.04889999999999 439.19974400000007 106.46148000000001 503.19974400000007
Penguin 112.06497 432.79974400000003 120.87006 488.80025599999993
Penguin 120.87006 453.60025599999994 140.08104 506.39974400000006
Penguin 131.27595 419.999744 175.3014 500.799488
Penguin 169.69860000000003 437.60025599999994 196.11387 492.000256
Penguin 196.11387 446.39948799999996 228.13194000000001 480.0
Penguin 224.93034 443.200512 245.74212 487.19974400000007
Penguin 245.74212 427.200512 273.75888 485.60025599999994
Penguin 268.95579 455.19974400000007 275.35967999999997 487.19974400000007
Penguin 358.60818 448.0 369.01407 480.0
Penguin 369.01407 453.60025599999994 388.22504999999995 478.39948799999996
Penguin 392.22774 455.19974400000007 416.24112 478.39948799999996
Penguin 429.04890000000006 443.200512 446.65908 472.80025599999993
Penguin 448.25988 460.8 458.66577 483.2
Penguin 465.87005999999997 423.999488 513.0978 499.2
Penguin 517.0998 448.0 534.70998 485.60025599999994
Penguin 530.70798 462.39948799999996 548.31816 496.0
Penguin 541.91427 448.0 561.1252499999999 485.60025599999994
Penguin 546.71667 472.80025599999993 599.5479 494.39948799999996
Penguin 577.13463 453.60025599999994 597.94641 476.8
Penguin 594.74481 459.200512 618.75888 480.0
Penguin 622.76088 456.80025599999993 647.57535 481.60051200000004
Penguin 645.17415 439.19974400000007 661.1835300000001 472.80025599999993
Penguin 662.78433 435.999744 680.3945100000001 480.0
