Penguin 119.68 169.013534 273.28 386.68233
Penguin 214.4 201.663626 332.16 362.99483000000004
Penguin 261.12 85.14689800000001 327.04 199.10310199999998
Penguin 305.92 229.19267 355.84 345.06888799999996
Penguin 320.64 71.70300999999999 391.04 200.383364
Penguin 339.84 242.636558 409.6 352.751976
Penguin 363.52 88.988442 455.68 197.82284000000004
Penguin 391.04 222.79060199999998 489.6 359.154044
Penguin 420.48 280.408456 512.0 421.253194
Penguin 594.56 110.11466000000001 694.4 251.599908
Penguin 707.2 144.045772 780.8 321.38138799999996
Penguin 730.88 197.82284000000004 851.84 370.03740799999997
Penguin 840.32 258.00197599999996 928.0 351.470956
