Penguin 0.0 56.006 16.384 99.71799999999999
Penguin 0.0 527.9590000000001 89.42899200000001 598.991
Penguin 0.0 97.669 1023.316992 598.991
Penguin 16.384 71.032 33.451008 108.59700000000001
Penguin 33.451008 84.009 53.248 111.32900000000001
Penguin 132.436992 116.793 148.13900800000002 155.041
Penguin 163.156992 589.429 187.051008 629.043
Penguin 187.051008 660.461 208.21299199999999 682.317
Penguin 188.416 560.7429999999999 214.356992 614.7
Penguin 228.692992 613.3340000000001 253.952 664.559
Penguin 248.491008 648.85 272.384 682.317
Penguin 305.152 558.011 331.776 605.138
Penguin 306.516992 642.02 330.411008 682.317
Penguin 319.488 549.815 343.380992 592.161
Penguin 327.68 640.654 343.380992 682.317
Penguin 339.284992 635.19 369.323008 682.317
Penguin 340.651008 546.4 365.908992 599.674
Penguin 360.448 650.216 387.75500800000003 682.317
Penguin 440.32 642.02 468.308992 682.317
Penguin 460.116992 627.677 490.155008 680.268
Penguin 508.587008 609.236 536.576 653.631
Penguin 520.875008 589.429 542.72 633.1410000000001
Penguin 559.104 560.7429999999999 752.980992 653.631
Penguin 771.412992 618.115 787.796992 674.121
Penguin 848.555008 98.35199999999999 894.292992 129.77
Penguin 880.64 157.09 905.899008 201.48499999999999
