Penguin 200.32 501.67852600000003 256.64 581.7671059999999
Penguin 0.0 426.073841 19.2 445.936164
Penguin 0.0 542.043143 31.36 579.845144
Penguin 3.84 447.21747200000004 55.04 461.95388
Penguin 12.8 403.00824800000004 31.36 442.09224
Penguin 28.8 399.80497799999995 110.08 448.49878
Penguin 32.64 495.91195700000003 96.64 528.588043
Penguin 41.6 447.21747200000004 81.28 485.660127
Penguin 87.68 522.18082 119.04 549.731674
Penguin 120.32 397.24167900000003 171.52 445.936164
Penguin 170.24 472.20570999999995 208.64 519.618204
Penguin 170.24 603.5513910000001 217.6 643.276037
Penguin 188.8 394.679063 220.16 413.260078
Penguin 196.48 401.08628600000003 217.6 410.696779
Penguin 202.88 420.948609 225.28 440.81024899999994
Penguin 236.16 397.24167900000003 259.84 424.79253300000005
Penguin 248.96 429.27779400000003 307.84 464.517179
Penguin 288.64 384.42791600000004 313.6 401.08628600000003
Penguin 296.32 504.881796 344.96 536.917228
Penguin 301.44 394.679063 327.68 413.260078
Penguin 301.44 472.20570999999995 355.2 510.64836500000007
Penguin 305.28 419.66730100000007 343.68 453.62469500000003
Penguin 327.68 380.58330899999993 338.56 401.08628600000003
Penguin 343.68 430.559102 372.48 447.21747200000004
Penguin 353.92 362.00297699999993 391.04 376.73938499999997
Penguin 369.92 376.73938499999997 393.6 395.96037099999995
Penguin 372.48 423.511225 397.44 449.780771
Penguin 394.88 633.664861 449.92 681.078038
Penguin 397.44 431.84041 414.08 453.62469500000003
Penguin 400.0 347.266569 417.28 379.302001
Penguin 403.84 394.679063 453.76 442.09224
Penguin 407.68 485.660127 446.08 534.3546120000001
Penguin 417.28 470.923719 446.08 497.193265
Penguin 423.68 331.889507 480.0 380.58330899999993
Penguin 432.64 532.43265 480.0 563.186774
Penguin 452.48 640.7127380000001 480.0 682.3593460000001
Penguin 457.6 411.9780870000001 497.28 433.121718
Penguin 468.48 452.343387 497.28 479.894241
Penguin 469.76 485.660127 503.68 508.08506600000004
Penguin 472.32 337.014739 497.28 362.00297699999993
Penguin 474.88 426.073841 498.56 468.36110299999996
Penguin 483.84 609.958614 533.76 653.5271839999999
Penguin 494.72 358.15836999999993 510.08 383.146608
Penguin 498.56 501.037872 535.04 531.151342
Penguin 512.64 353.03313799999995 531.2 379.302001
Penguin 516.48 445.936164 562.56 465.798487
Penguin 520.96 335.733431 535.04 360.721669
Penguin 541.44 598.426159 584.96 632.383553
Penguin 548.48 477.330942 582.4 504.881796
Penguin 553.6 360.721669 573.44 390.83513899999997
Penguin 558.72 340.859346 571.52 363.284285
Penguin 566.4 338.29673 584.96 369.691508
Penguin 579.84 449.780771 618.88 479.894241
Penguin 590.08 338.29673 611.2 369.691508
Penguin 593.92 410.696779 640.0 430.559102
Penguin 607.36 526.025427 641.28 563.186774
Penguin 609.92 464.517179 636.16 526.025427
Penguin 617.6 343.421962 632.32 372.254124
Penguin 617.6 581.1264520000001 691.2 619.569107
Penguin 629.76 436.966325 647.68 458.109956
Penguin 633.6 452.343387 661.12 476.049634
Penguin 647.68 468.36110299999996 684.8 494.63064899999995
Penguin 659.84 405.571547 684.8 431.84041
Penguin 659.84 445.936164 705.92 467.079795
Penguin 696.32 440.81024899999994 721.28 461.95388
Penguin 705.92 460.672572 738.56 486.942118
Penguin 717.44 531.151342 750.08 554.857589
Penguin 721.28 392.116447 748.8 431.84041
Penguin 728.96 599.707467 773.76 647.119961
Penguin 730.88 443.373548 764.8 460.672572
Penguin 742.4 460.672572 769.92 483.097511
Penguin 778.88 458.109956 821.12 477.330942
Penguin 784.64 568.312689 822.4 588.174329
Penguin 803.84 422.22991699999994 830.08 442.09224
Penguin 823.68 483.097511 852.48 508.08506600000004
Penguin 831.36 453.62469500000003 869.76 467.079795
Penguin 837.12 509.367057 869.76 536.917228
Penguin 842.24 463.235188 878.72 486.942118
Penguin 842.24 415.82269400000007 902.4 445.936164
Penguin 851.2 572.1566130000001 882.56 599.707467
Penguin 882.56 483.097511 910.08 519.618204
Penguin 882.56 588.174329 919.68 619.569107
Penguin 894.72 448.49878 910.08 463.235188
Penguin 903.68 436.966325 923.52 453.62469500000003
Penguin 910.08 509.367057 943.36 535.6359199999999
Penguin 915.84 463.235188 948.48 499.755881
Penguin 924.8 631.1022449999999 977.28 661.2157149999999
Penguin 933.76 563.186774 999.68 598.426159
Penguin 943.36 489.504734 1022.08 544.605759
Penguin 952.32 584.971059 988.8 619.569107
Penguin 957.44 531.151342 1002.24 564.4680820000001
Penguin 993.28 607.395998 1023.36 654.808492
Penguin 994.56 481.816203 1020.8 499.755881
