Penguin 273.28 337.92 392.96 535.040256
Penguin 192.0 151.040256 309.76 209.28000000000003
Penguin 412.8 336.63974399999995 518.4 508.160256
Penguin 412.8 375.03974400000004 544.0 488.319744
Penguin 570.24 315.519744 681.6 530.559744
Penguin 574.08 286.08 688.0 418.56000000000006
Penguin 657.28 207.999744 755.2 329.600256
Penguin 677.12 315.519744 783.36 490.88025600000003
Penguin 709.12 136.959744 734.08 169.599744
Penguin 747.52 313.599744 813.44 430.08000000000004
Penguin 805.76 255.999744 867.84 426.24
Penguin 861.44 403.839744 997.12 469.76025599999997
Penguin 895.36 264.96 1023.36 417.27974399999994
Penguin 939.52 426.24 1023.36 513.920256
