Penguin 16.384 245.71446999999998 45.056 303.04766
Penguin 51.2 248.78553000000002 83.968 303.04766
Penguin 104.448 251.85702000000003 132.096 305.09531999999996
Penguin 162.816 251.85702000000003 190.464 307.14297999999997
Penguin 191.488 262.09531999999996 224.256 312.2617
Penguin 237.568 267.21447 260.096 313.28553
Penguin 260.096 242.64298 290.816 313.28553
Penguin 305.152 273.35702 342.016 321.47616999999997
Penguin 350.208 263.11915 377.856 313.28553
Penguin 377.856 280.52383 404.48 326.59532
Penguin 424.96 273.35702 446.464 322.5
Penguin 491.52 268.23830000000004 518.144 322.5
Penguin 526.336 259.02383000000003 552.96 316.35702
Penguin 602.112 215.0 630.784 282.57149000000004
Penguin 611.328 313.28553 646.144 365.5
Penguin 629.76 206.80936000000003 651.264 249.80936
Penguin 683.008 193.5 709.632 228.30936000000003
Penguin 692.224 320.45234 730.112 369.59531999999996
Penguin 705.536 200.66681 721.92 238.54765999999998
Penguin 762.88 322.5 792.576 369.59531999999996
Penguin 830.464 293.83319 859.136 365.5
Penguin 832.512 180.19064 863.232 229.33318999999997
Penguin 865.28 289.7383 897.024 352.19064
Penguin 894.976 298.95234 930.816 347.07149000000004
Penguin 977.92 302.02383000000003 1009.664 352.19064
