Penguin 138.000384 459.999932 236.99967999999998 557.000108
Penguin 154.000384 602.000182 250.000384 718.00001
Penguin 172.99968 496.00028800000007 266.000384 564.000136
Penguin 632.000512 616.999712 696.999936 678.000274
Penguin 643.9997440000001 689.999898 711.000064 740.9997840000001
Penguin 647.000064 111.99970599999999 848.0 259.999768
Penguin 666.999808 495.00007199999993 677.9996160000001 507.999912
Penguin 718.000128 471.00008199999996 725.9996160000001 481.00001599999996
Penguin 743.000064 472.000298 757.000192 489.00026
Penguin 771.00032 471.00008199999996 785.999872 485.00013800000005
