Penguin 430.99955199999994 412.99968 588.0002559999999 719.000064
Penguin 0.0 190.00012800000002 26.999808 409.99987200000004
Penguin 0.0 271.00032 51.00032 364.99968
Penguin 0.0 337.999872 85.000192 734.999808
Penguin 0.0 0.0 286.00012799999996 192.99993600000002
Penguin 30.999552 163.00032000000002 106.999808 272.00025600000004
Penguin 30.999552 446.99980800000003 183.00006399999998 767.000064
Penguin 44.99968 173.999616 96.0 283.00032
Penguin 99.00032 422.99980800000003 236.000256 715.00032
Penguin 124.00025600000001 184.99967999999998 183.00006399999998 296.00025600000004
Penguin 170.000384 182.999808 216.999936 284.00025600000004
Penguin 216.999936 427.00032 300.99967999999996 679.00032
Penguin 261.999616 458.99980800000003 416.0 756.999936
Penguin 263.999488 166.00012800000002 353.99987200000004 286.000128
Penguin 270.00012799999996 0.0 1022.999552 158.999808
Penguin 279.000064 143.000064 341.999616 269.999616
Penguin 288.0 696.0 641.000448 767.000064
Penguin 469.00019199999997 142.00012800000002 524.0002559999999 252.0
Penguin 535.000064 158.999808 604.0002559999999 252.99993600000002
Penguin 615.999488 140.000256 668.0002559999999 228.99993600000002
Penguin 615.999488 408.0 775.999488 756.0
Penguin 673.999872 158.999808 736.0 212.000256
Penguin 714.0003839999999 444.99993600000005 814.000128 722.999808
Penguin 773.000192 156.0 830.999552 229.99987199999998
Penguin 826.0003839999999 131.000064 865.9998720000001 220.99968
Penguin 883.999744 145.99987199999998 942.0001279999999 263.00006399999995
Penguin 938.0003839999999 172.99967999999998 972.9996800000001 293.999616
Penguin 952.000512 172.99967999999998 1016.000512 311.00006399999995
