Penguin 425.812992 264.53299200000004 701.44 643.413504
Penguin 40.107008 271.359744 168.107008 555.519744
Penguin 127.14700800000001 299.52 384.852992 698.026752
Penguin 141.65299199999998 475.306752 514.56 767.1467519999999
Penguin 324.26700800000003 202.23974399999997 512.852992 301.226496
Penguin 349.867008 64.852992 463.36 364.37299199999995
Penguin 502.612992 127.14700799999999 620.372992 305.49350400000003
Penguin 561.492992 91.306752 728.747008 366.93350399999997
Penguin 686.932992 244.053504 824.32 552.106752
Penguin 913.92 145.066752 1023.147008 449.7070080000001
