Penguin 696.32 377.46722200000005 784.64 541.2495220000001
Penguin 0.0 342.919148 52.48 428.649276
Penguin 29.44 291.737094 84.48 412.015296
Penguin 99.84 323.726304 153.6 415.85359200000005
Penguin 126.72 328.844032 176.64 437.605982
Penguin 166.4 330.124146 213.76 468.315078
Penguin 193.28 371.06937999999997 271.36 493.90644599999996
Penguin 225.28 317.328462 271.36 397.94017999999994
Penguin 254.72 342.919148 305.92 442.724392
Penguin 280.32 364.671538 349.44 491.3469
Penguin 456.96 364.671538 515.84 491.3469
Penguin 505.6 323.726304 556.8 401.778476
