Penguin 11.52 242.06675100000004 48.64 298.4213199999999
Penguin 21.76 308.66717400000005 69.12 390.63697099999996
Penguin 56.32 258.71700500000003 87.04 329.160068
Penguin 60.16 266.40169199999997 120.32 352.21353600000003
Penguin 97.28 188.274535 131.84 233.10177699999997
Penguin 107.52 234.38206399999999 143.36 285.613113
Penguin 108.8 333.002115 166.4 381.671997
Penguin 165.12 222.85532999999998 194.56 268.963452
Penguin 167.68 189.554822 194.56 215.170643
Penguin 167.68 293.2978 215.04 368.86379
Penguin 167.68 368.86379 216.32 409.848985
Penguin 239.36 292.01751299999995 285.44 385.514044
Penguin 264.96 222.85532999999998 289.28 294.57868
Penguin 304.64 290.73663300000004 334.08 366.302623
Penguin 307.2 215.170643 332.8 275.367259
Penguin 321.28 423.937479 398.08 572.507699
Penguin 328.96 234.38206399999999 394.24 338.125042
Penguin 336.64 315.070981 382.72 372.70643
Penguin 371.2 266.40169199999997 424.96 336.844755
Penguin 373.76 350.933249 424.96 459.799154
Penguin 404.48 318.91362100000003 463.36 409.848985
Penguin 441.6 230.540017 477.44 320.194501
Penguin 472.32 248.47055800000004 515.84 302.26336699999996
Penguin 478.72 311.22893400000004 505.6 358.61793600000004
Penguin 495.36 96.058291 532.48 162.658714
Penguin 501.76 304.825127 532.48 354.775296
Penguin 515.84 248.47055800000004 560.64 335.563875
Penguin 560.64 292.01751299999995 604.16 356.056176
Penguin 584.96 202.363029 619.52 247.19027100000002
Penguin 651.52 225.41709 673.28 271.524619
Penguin 666.88 259.997885 715.52 349.65236899999996
Penguin 682.24 169.062521 705.28 222.85532999999998
Penguin 711.68 245.90939099999997 747.52 318.91362100000003
Penguin 714.24 189.554822 757.76 251.03231800000003
Penguin 718.08 302.26336699999996 759.04 377.82935699999996
Penguin 746.24 248.47055800000004 794.88 339.40592200000003
Penguin 764.16 217.732403 792.32 265.120812
Penguin 766.72 197.239509 806.4 243.34763099999998
Penguin 785.92 175.466328 816.64 222.85532999999998
Penguin 834.56 227.97825699999999 881.92 309.948054
Penguin 835.84 194.67834200000001 871.68 239.50558400000003
Penguin 893.44 215.170643 951.04 304.825127
Penguin 954.88 210.04771599999998 997.12 281.77106599999996
