Penguin 753.28 302.720256 883.84 599.679744
Penguin 305.92 90.24 354.56 132.48
Penguin 386.56 0.0 440.32 116.480256
Penguin 456.32 7.68 546.56 138.879744
Penguin 513.28 135.03974399999998 625.92 285.44025600000003
Penguin 560.64 227.199744 641.92 396.800256
Penguin 613.76 43.520255999999996 702.72 170.88
Penguin 702.72 0.0 789.76 111.35999999999999
Penguin 771.2 214.400256 832.0 349.44
Penguin 798.72 17.28 882.56 151.040256
Penguin 837.12 259.20000000000005 911.36 415.359744
Penguin 906.24 0.0 995.84 116.480256
Penguin 916.48 192.0 995.84 336.0
