Penguin 355.84 447.21747200000004 481.92 631.1022449999999
Penguin 4.48 61.508247999999995 48.64 142.878819
Penguin 9.6 67.274817 68.48 171.070327
Penguin 96.0 299.212738 283.52 470.283065
Penguin 172.16 147.36407999999997 272.0 251.15959
Penguin 181.12 415.18204 291.84 555.498243
Penguin 194.56 215.279551 303.36 354.9551
Penguin 360.96 290.24289899999997 512.0 463.875842
Penguin 375.68 205.028404 479.36 336.374085
Penguin 490.88 249.878282 593.28 415.18204
Penguin 559.36 371.61346999999995 674.56 560.6241580000001
Penguin 638.08 345.344607 743.04 456.828648
Penguin 732.16 346.62591499999996 840.32 509.367057
