Penguin 506.000384 286.000236 794.0003839999999 684.0
Penguin 19.000320000000002 103.00014 30.000128000000004 119.00026799999999
Penguin 40.999936 61.999812 51.00032 73.99990799999999
Penguin 76.99968 94.000068 90.999808 112.000212
Penguin 208.0 100.00011599999999 222.000128 119.00026799999999
Penguin 302.00012799999996 342.0 613.9996160000001 682.9999919999999
Penguin 368.0 104.00014800000001 378.99980800000003 122.00029200000002
Penguin 430.000128 102.00013200000001 442.000384 116.00024400000001
Penguin 460.99967999999996 57.99978000000001 469.00019199999997 74.999916
Penguin 513.999872 87.000012 524.99968 103.00014
Penguin 597.9996160000001 92.00005199999998 609.999872 106.000164
Penguin 609.999872 78.999948 620.99968 92.00005199999998
Penguin 666.999808 90.000036 679.000064 108.00018
Penguin 679.000064 31.000248 695.000064 41.000327999999996
Penguin 707.9997440000001 19.000151999999996 721.999872 39.000311999999994
Penguin 750.000128 10.000079999999999 759.000064 21.000168
Penguin 759.000064 23.000183999999997 771.00032 34.000271999999995
Penguin 821.000192 106.000164 839.0000640000001 150.99983999999998
Penguin 844.000256 83.999988 855.0000640000001 104.00014800000001
Penguin 856.9999359999999 78.999948 867.0003199999999 95.000076
Penguin 897.000448 73.99990799999999 913.000448 99.00010799999998
Penguin 899.0003199999999 39.000311999999994 915.999744 57.99978000000001
Penguin 915.0003199999999 33.000264 924.9996800000001 46.999691999999996
Penguin 954.0003839999999 59.999796 965.9996160000001 79.999956
Penguin 981.000192 98.0001 1018.999808 129.999672
