Penguin 181.000192 226.00012800000002 412.99967999999996 656.000256
Penguin 0.0 152.000256 19.999744 186.000384
Penguin 0.0 181.99987199999998 60.00025600000001 290.99980800000003
Penguin 12.000256 153.000192 48.0 188.000256
Penguin 39.000064 152.000256 62.999552 182.999808
Penguin 62.000128000000004 146.999808 94.99955200000001 186.000384
Penguin 62.000128000000004 183.999744 142.000128 322.000128
Penguin 65.999872 170.999808 97.00044799999999 241.99987199999998
Penguin 94.99955200000001 143.000064 117.000192 179.000064
Penguin 108.99968 151.00032000000002 133.999616 180.0
Penguin 129.999872 216.99993600000002 161.999872 307.00032
Penguin 133.000192 156.0 163.999744 176.000256
Penguin 142.999552 207.999744 190.999552 300.99993600000005
Penguin 165.000192 151.00032000000002 184.00051200000001 171.999744
Penguin 181.000192 203.00006399999998 227.999744 307.00032
Penguin 188.000256 146.999808 209.999872 169.99987199999998
Penguin 199.00006399999998 124.99967999999998 220.99967999999998 155.000064
Penguin 209.999872 183.999744 288.0 311.00006399999995
Penguin 222.999552 144.999936 245.999616 171.999744
Penguin 254.000128 135.999744 282.99980800000003 167.000064
Penguin 280.999936 152.000256 307.999744 168.0
Penguin 309.00019199999997 124.99967999999998 323.00032000000004 151.00032000000002
Penguin 323.00032000000004 147.999744 350.00012799999996 173.999616
Penguin 341.00019199999997 197.999616 405.999616 308.00025600000004
Penguin 346.000384 143.000064 373.00019199999997 179.000064
Penguin 362.99980800000003 139.00032000000002 389.999616 175.00032000000002
Penguin 373.00019199999997 176.000256 410.000384 308.00025600000004
Penguin 392.999936 95.00006400000001 465.00044800000006 304.99968
Penguin 392.999936 237.00019199999997 609.000448 744.0
Penguin 433.999872 204.0 544.0 290.99980800000003
Penguin 440.000512 134.999808 462.99955199999994 176.000256
Penguin 476.000256 156.0 545.999872 258.000384
Penguin 485.00019199999997 140.000256 513.000448 190.00012800000002
Penguin 520.999936 131.000064 544.0 168.0
Penguin 542.000128 127.00032000000002 561.000448 167.000064
Penguin 542.000128 193.99987199999998 609.000448 311.00006399999995
Penguin 554.999808 120.99993599999999 570.999808 159.999744
Penguin 561.000448 124.99967999999998 583.000064 167.000064
Penguin 577.000448 136.99967999999998 590.000128 171.999744
Penguin 586.0003839999999 131.000064 606.000128 168.0
Penguin 595.00032 109.999872 620.99968 168.0
Penguin 611.9997440000001 179.000064 682.0003839999999 322.000128
Penguin 618.999808 136.99967999999998 650.0003839999999 178.00012800000002
Penguin 643.00032 136.99967999999998 664.000512 170.999808
Penguin 645.9996160000001 153.000192 673.000448 181.99987199999998
Penguin 652.99968 121.999872 680.999936 168.0
Penguin 670.000128 179.000064 730.0003839999999 302.99980800000003
Penguin 684.0002559999999 136.99967999999998 704.0 170.999808
Penguin 684.99968 109.999872 1022.999552 132.999936
Penguin 707.00032 141.000192 732.0002559999999 178.00012800000002
Penguin 732.99968 197.999616 816.0 330.000384
Penguin 737.999872 141.000192 762.0003839999999 179.000064
Penguin 762.999808 132.999936 780.99968 168.0
Penguin 775.000064 135.999744 840.9999359999999 291.99974399999996
Penguin 808.999936 141.000192 828.99968 170.999808
Penguin 828.99968 143.000064 856.000512 186.000384
Penguin 828.99968 176.000256 874.999808 298.000128
Penguin 846.999552 207.999744 928.0 335.00006399999995
Penguin 851.0003199999999 171.999744 899.0003199999999 205.99987199999998
Penguin 862.999552 132.0 883.999744 179.000064
Penguin 910.0001279999999 159.999744 958.999552 271.00032
Penguin 935.0000640000001 167.000064 1020.9996800000001 332.00025600000004
