Penguin 515.84 470.283065 609.92 674.030161
Penguin 226.56 47.412493999999995 243.84 80.08926299999999
Penguin 240.0 21.143631 267.52 77.525964
Penguin 321.28 365.206247 403.84 517.696242
Penguin 411.52 266.536652 478.72 346.62591499999996
Penguin 419.2 430.559102 528.64 546.528404
Penguin 433.92 327.404246 542.72 466.43914100000006
Penguin 444.16 251.15959 563.84 375.45807699999995
Penguin 542.72 240.267106 600.32 335.09277699999996
Penguin 615.04 270.380576 667.52 392.757101
Penguin 659.84 322.91898499999996 732.8 407.49350899999996
Penguin 672.64 375.45807699999995 806.4 512.5703269999999
Penguin 683.52 256.285505 753.92 349.18853099999995
Penguin 760.32 286.398975 831.36 391.475793
Penguin 963.84 333.81146900000005 1023.36 466.43914100000006
